DWD - sifted/sorted data 
                         
AJ_Kettle  20171102
                                        
N_days       80
                                        
Average Minimum Maximum N_good  N_bad   
+------++------++------++------++------+
    1.62    0.00    7.90    711.  30875.
    7.28    0.00   31.00  16938.  12710.
    7.76    0.50   34.00  16837.   7059.
    8.17    1.00   34.00  16737.   8254.
    8.28    1.00   34.00  16282.      4.
    8.49    1.00   35.50   8414.   8968.
    8.51    0.80   36.10  16937.   9881.
    8.56    2.00   40.00   8184.  15224.
    8.74    0.90   33.30  16929.   8793.
    8.76    2.30   28.90   4303.     37.
    8.77    0.50   37.10  16951.   8771.
    8.79    1.00   40.00  16958.   6574.
    8.96    1.50   34.50  16951.   5761.
    9.16    1.00   39.10  16943.   8779.
    9.22    1.30   37.50   7447.     10.
    9.41    0.90   36.10  16932.   8790.
    9.44    1.00   31.90  15595.   7355.
    9.56    1.00   34.30  16926.  10622.
    9.59    1.60   31.60   3131.  13702.
    9.64    1.50   34.00   9139.     12.
    9.80    1.90   36.10  16952.   4876.
    9.85    1.20   42.00  13807.  34376.
   10.01    1.00   46.30  16956.   7307.
   10.03    1.50   36.50  16870.   7595.
   10.08    0.70   32.00  13627.    407.
   10.12    1.40   35.00  10107.      3.
   10.12    0.50   36.00  16955.   8037.
   10.15    0.00   41.20  16945.   8777.
   10.32    1.00   40.20  16955.   2924.
   10.40    1.20   33.00  14302.  11114.
   10.40    1.50   38.00  16471.   4136.
   10.40    1.00   36.20  16835.   7426.
   10.45    2.60   34.20   8116.     11.
   10.46    1.80   37.00  16541.   9181.
   10.47    2.00   34.00  16441.  24166.
   10.48    1.50   43.00  16636.  27679.
   10.71    1.00   42.70  16948.   8409.
   10.73    0.50   43.00  16430.   7833.
   10.74    2.10   40.30  16946.    561.
   10.76    2.20   35.00   6566.    224.
   10.76    0.50   41.20  16916.  11730.
   10.77    1.50   34.20  16940.   8782.
   10.79    1.50   37.00  16047.   4545.
   10.80    2.10   40.20  16892.   8465.
   10.84    2.10   36.50  16933.   7695.
   10.85    2.10   37.00  13781.  11941.
   10.87    1.50   41.70  14688.  23752.
   10.88    2.10   41.20   6910.   4272.
   10.99    1.00   41.00  17487.   7110.
   11.02    0.70   39.10  16924.  29252.
   11.04    2.00   42.10  16957.  29279.
   11.08    2.10   37.00  13991.  19342.
   11.10    0.00   43.00  16581.   7315.
   11.29    2.00   31.40   7262.     16.
   11.37    3.20   36.10   2256.      2.
   11.40    2.10   49.00  16877.   8845.
   11.50    2.00   43.00  16820.  27467.
   11.73    1.00   40.20  16952.   8772.
   12.06    1.50   40.00  17139.  28307.
   12.17    2.20   40.00  17131.   8591.
   12.52    3.10   41.00  17211.   8511.
   12.64    1.20   39.60  13716.   8414.
   12.90    0.50   49.00  16904.  36941.
   13.29    2.20   44.80  16954.   9133.
   13.52    3.10   45.30  16943.   8779.
   14.20    2.10   47.80  16321.  10713.
   14.20    3.10   47.80  16832.   5968.
   14.66    0.00   46.80   5824.    424.
   14.90    3.30   42.50   5202.    204.
   14.92    4.10   46.90   6826.    198.
   15.15    3.10   50.00  13644.  12079.
   15.18    2.10   51.00  16899.  11380.
   15.21    3.30   41.20  16925.   6850.
   15.73    4.20   45.00   5416.   1278.
   16.01    2.90   71.00  11760.    874.
   17.12    1.70   73.60  15072.   7473.
   17.66    2.10   59.00  16874.   9404.
   18.36    3.10   60.00  17568.   8154.
   19.78    2.00   93.00  16925.  25645.
   21.43    4.10   73.00  18024.   7445.
