DWD - sifted/sorted data 
                         
AJ_Kettle  20171102
                                        
N_days       77
                                        
Average Minimum Maximum N_good  N_bad   
+------++------++------++------++------+
    0.47    0.00   66.60  66204.  10962.
    0.48    0.00   89.00  57808.  19358.
    0.48    0.00   58.60  48677.  13099.
    0.49    0.00   66.50  61800.  10989.
    0.49    0.00   65.30  50796.  11025.
    0.49    0.00   60.40  56148.  21021.
    0.50    0.00   69.60  59627.     10.
    0.51    0.00   55.50  66374.     16.
    0.52    0.00   85.70  93407.  39538.
    0.52    0.00   93.00  57897.  63924.
    0.53    0.00   80.80  75987.     84.
    0.54    0.00   66.80  73881.      3.
    0.54    0.00   70.10  77158.      8.
    0.54    0.00   67.40  71145.  65193.
    0.54    0.00   83.00  42351.  52407.
    0.55    0.00   64.30  57258.  19908.
    0.55    0.00   96.70  43192.  56807.
    0.56    0.00  125.00  60726.  10962.
    0.57    0.00   91.90  82624.     20.
    0.57    0.00   81.00  64357.  68504.
    0.57    0.00   87.80  68130.      6.
    0.58    0.00   79.80  74967.      9.
    0.58    0.00   71.60  74947.     26.
    0.59    0.00   56.00  77146.     20.
    0.59    0.00   68.80  85925.     13.
    0.59    0.00   73.80  80398.     56.
    0.60    0.00   70.00  58017.  15774.
    0.60    0.00   54.20  39212.  37036.
    0.60    0.00   54.50  42096.      6.
    0.60    0.00   65.30  61820.  15346.
    0.60    0.00   53.50  12940.     80.
    0.61    0.00   56.10  24360.     21.
    0.63    0.00   61.50  77149.     17.
    0.63    0.00   62.80  84800.     37.
    0.64    0.00   48.70  94698.  44010.
    0.64    0.00   55.30  70581.     15.
    0.64    0.00   82.30  68722.    128.
    0.65    0.00   60.60  52092.     54.
    0.65    0.00   67.70  77157.      9.
    0.67    0.00   54.50  71312.     13.
    0.68    0.00   50.40  77139.     27.
    0.68    0.00   78.30  30327.      3.
    0.69    0.00   56.10  76056.     15.
    0.69    0.00   48.00  27427.     26.
    0.69    0.00   56.80  52513.      8.
    0.69    0.00   59.20  87752.  50776.
    0.69    0.00   85.00  78447.  66102.
    0.70    0.00   51.60   6766.      8.
    0.70    0.00   61.00  20356.     14.
    0.71    0.00   48.00  21492.  12054.
    0.72    0.00   50.60  77151.     15.
    0.73    0.00   47.90  21826.      8.
    0.73    0.00   71.70  77158.      8.
    0.74    0.00   61.30  65481.      3.
    0.74    0.00   61.70  78258.      3.
    0.74    0.00   36.00   5819.  12682.
    0.75    0.00   55.60  82269.  33051.
    0.75    0.00   96.00  50495.      4.
    0.77    0.00   72.80  72784.      5.
    0.78    0.00   61.70  48855.      3.
    0.80    0.00  101.10  22362.      9.
    0.81    0.00   85.30  77167.      5.
    0.83    0.00   53.40  72684.     99.
    0.84    0.00   71.30  62795.   7429.
    0.96    0.00   69.60  77140.     26.
    1.00    0.00   62.50  81082.     20.
    1.03    0.00   78.40  61821.  15345.
    1.07    0.00   95.50  88010.  73525.
    1.15    0.00   58.10  71657.     31.
    1.29    0.00   66.30  68361.     39.
    1.35    0.00   76.70  37553.    349.
    1.47    0.00   86.00  73388.      7.
    1.55    0.00  101.40  62082.  14325.
    1.60    0.00   89.20  78810.     24.
    1.61    0.00   83.70  88938.      6.
    1.72    0.00   79.20  64806.   2829.
    1.78    0.00   69.00  88413.  39297.
