DWD - sifted/sorted data 
                         
AJ_Kettle  20171102
                                        
N_days       78
                                        
Average Minimum Maximum N_good  N_bad   
+------++------++------++------++------+
    0.00    0.00    0.00      1.   6247.
    0.00    0.00    0.00     29.   6138.
    0.00    0.00    0.00      1.   7023.
    0.01    0.00   16.00  31586.      0.
    0.03    0.00   16.00  23034.    741.
    0.04    0.00   15.00  17507.      0.
    0.04    0.00   25.00  10110.      0.
    0.05    0.00   11.00   1884.    374.
    0.05    0.00   26.00  25110.   3169.
    0.05    0.00   14.00   5445.   5737.
    0.05    0.00   26.00  24902.    820.
    0.05    0.00   32.00  31568.  14668.
    0.06    0.00   17.00  25900.    187.
    0.06    0.00   13.00   5296.   1982.
    0.06    0.00   28.00  26149.  22034.
    0.06    0.00   19.00  21828.      0.
    0.06    0.00   24.00  24473.   2345.
    0.07    0.00   15.00  24991.      1.
    0.07    0.00   19.00  24350.   3198.
    0.08    0.00   24.00  28645.      1.
    0.08    0.00   30.00  16706.    127.
    0.08    0.00   28.00  29375.  16801.
    0.08    0.00   27.00  27423.  11017.
    0.08    0.00   26.00  24745.    612.
    0.09    0.00   26.00  21109.   1021.
    0.09    0.00   26.00  20000.   3408.
    0.09    0.00   26.00  25141.    581.
    0.09    0.00   15.00  17590.   3017.
    0.10    0.00   33.00  24263.      0.
    0.10    0.00   22.00  21823.   3168.
    0.10    0.00   29.00  20707.   5016.
    0.11    0.00   28.00  19878.      1.
    0.11    0.00   23.00  24015.   1707.
    0.11    0.00   22.00  22221.   3136.
    0.11    0.00   14.00  10041.  15375.
    0.11    0.00   17.00  16471.   4121.
    0.11    0.00   20.00  20648.   5074.
    0.11    0.00   21.00  22827.   1434.
    0.11    0.00   21.00  20895.   4827.
    0.12    0.00   25.00  24625.      3.
    0.12    0.00   24.00  22712.      0.
    0.12    0.00   25.00  25724.      0.
    0.12    0.00   40.00  23297.    235.
    0.12    0.00   20.00  22324.  21963.
    0.12    0.00   41.00  16260.     26.
    0.13    0.00   17.00  18891.   4059.
    0.13    0.00   36.00  23255.   2467.
    0.13    0.00   23.00  20850.  23465.
    0.13    0.00   35.00   8854.    297.
    0.14    0.00   20.00  18862.  26584.
    0.14    0.00   20.00  14579.   2803.
    0.15    0.00   25.00  23663.    600.
    0.15    0.00   32.00  20965.  19642.
    0.15    0.00   28.00  14397.  18936.
    0.15    0.00   20.00  24476.   1246.
    0.17    0.00   18.00   6337.    453.
    0.17    0.00   37.00  24277.   1445.
    0.17    0.00   24.00  14033.  10564.
    0.18    0.00   18.00   7604.    523.
    0.20    0.00   20.00  24234.   1488.
    0.20    0.00   22.00  22951.   2771.
    0.23    0.00   21.00  13147.    887.
    0.24    0.00   27.00  20317.   3579.
    0.28    0.00   30.00   6416.   1041.
    0.32    0.00   27.00  25248.    474.
    0.47    0.00   38.00  25694.     28.
    0.52    0.00   60.00  21001.   2895.
    0.55    0.00   47.00  27034.      0.
    0.63    0.00   48.00  29373.  24472.
    0.79    0.00   43.00  22603.    197.
    0.85    0.00   56.00  22850.   1615.
    1.02    0.00   72.00  28398.   1250.
    1.17    0.00   50.00  18981.   6741.
    1.25    0.00   60.00  24671.   1607.
    1.33    0.00   54.00  11875.    759.
    1.73    0.00   55.00  23193.   2276.
    2.27    0.00  120.00  22397.    148.
    4.26    0.00  150.00  29267.  13303.
