DWD - sifted/sorted data 
                         
AJ_Kettle  20171102
                                        
N_days       81
                                        
Average Minimum Maximum N_good  N_bad   
+------++------++------++------++------+
    1.22    0.00    5.70  29628.     20.
    1.57    0.00    7.00  23754.    142.
    1.60    0.00    7.30  16831.      2.
    1.67    0.00    5.30  16285.      1.
    1.68    0.00    7.70  23376.     32.
    1.76    0.00    9.00  24972.     19.
    1.78    0.00    7.30  25711.     11.
    1.82    0.00    7.00  25720.      2.
    1.84    0.00    7.00  25716.      6.
    1.84    0.00    6.00  22902.     48.
    1.92    0.00    6.70  23532.      0.
    1.93    1.00    5.00   4305.     35.
    1.96    0.00    7.00  27528.     20.
    1.97    0.00    6.70  26811.      7.
    2.03    0.00    8.00  17355.     27.
    2.07    0.00    6.00  22712.      0.
    2.10    0.00    7.70  24436.     29.
    2.11    0.00    7.00  25708.     14.
    2.11    0.00   10.00  48130.     53.
    2.17    0.00    8.30  25721.      1.
    2.18    0.00    9.30  43885.    430.
    2.22    0.00    9.00  25718.      4.
    2.25    0.30    7.00   9150.      1.
    2.26    1.00    5.00   6076.     91.
    2.26    0.00    6.00  14026.      8.
    2.28    0.70    6.00   7449.      8.
    2.32    0.00    7.70  24253.      8.
    2.33    0.00    7.00  24991.      1.
    2.35    0.00    6.00  21828.      0.
    2.36    0.00    7.30  20579.     28.
    2.37    0.00    7.30  23311.   2411.
    2.38    0.00    9.00  31586.      0.
    2.38    0.00    7.30  23823.   1593.
    2.41    0.00    8.30  25355.      2.
    2.42    0.00    6.70  10110.      0.
    2.46    0.00    9.00  24603.     25.
    2.46    0.00    8.30  24263.      0.
    2.48    0.00    8.00  25709.     13.
    2.51    0.00    9.00  38440.      0.
    2.53    0.30    6.00   8125.      2.
    2.56    0.00    7.00  24260.  16347.
    2.57    0.00    8.00  24258.      5.
    2.58    0.00    7.30  19878.      1.
    2.63    0.00    7.00  23743.    153.
    2.63    0.00   10.00  31471.   1862.
    2.64    0.00    8.70  28645.      1.
    2.67    0.00   12.00  24325.    272.
    2.70    0.00    7.70  25288.     69.
    2.72    0.00    6.30  17507.      0.
    2.72    0.00    7.00  11063.    119.
    2.78    0.00   10.70  44253.     34.
    2.79    0.00    8.70  24259.   1463.
    2.80    1.00    6.00   6789.      1.
    2.82    0.00    8.00  25722.      2.
    2.88    0.00    8.70  46175.      1.
    2.88    0.00    9.30  46205.     31.
    2.90    0.00    8.30  25689.     33.
    2.96    0.00    8.70  20561.     31.
    2.99    1.00    6.70   7270.      8.
    3.02    0.00   10.30  53838.      7.
    3.02    0.00    9.70  45433.     13.
    3.05    1.00    6.00   2255.      3.
    3.14    0.20    8.30  24260.   1462.
    3.48    0.30    8.00  26086.      1.
    3.55    0.00   10.70  22466.     79.
    3.62    0.00    7.30  22799.      1.
    3.62    0.00   10.00  22122.      8.
    3.64    0.00    9.70  27034.      0.
    3.81    0.30   10.30  25710.     12.
    3.93    0.00   12.00  42565.      5.
    4.03    0.30    9.30  12563.     71.
    4.07    0.00    9.80  24252.   1471.
    4.13    0.00   10.70  28249.     30.
    4.30    0.70    9.00  23760.     15.
    4.38    0.00   11.30  26238.     40.
    4.52    0.00    9.00   5345.    903.
    4.52    0.00    9.00   6638.    386.
    4.57    1.00    9.00   5015.    391.
    4.65    0.00   10.00  24259.   1463.
    4.84    0.70    9.30   5405.   1289.
    5.53    0.20   12.00  24255.   1214.
