DWD - sifted/sorted data 
                         
AJ_Kettle  20171102
                                        
N_days       80
                                        
Average Minimum Maximum N_good  N_bad   
+------++------++------++------++------+
   -4.60  -33.10   13.30  42569.      1.
    2.50  -25.80   23.00  22542.      3.
    3.26  -25.50   24.80  25448.     21.
    3.33  -27.10   24.30  25721.      1.
    3.54  -24.80   25.00  12629.      5.
    3.66  -25.80   24.30  26277.      1.
    5.24  -23.40   26.10  22799.      1.
    5.25  -25.00   26.50  27033.      1.
    6.37  -26.60   26.60  29647.      1.
    6.42  -25.40   28.20  50557.   3288.
    6.83  -24.20   27.80  25721.      1.
    6.98  -21.10   28.20  24464.      1.
    7.25  -21.40   28.60  25631.     91.
    7.31  -25.60   26.10  23892.      4.
    7.82  -17.20   27.70  14033.      1.
    7.88  -22.40   28.40  25721.      1.
    8.25  -13.60   25.50  25722.      1.
    8.36  -22.20   30.50  23895.      1.
    8.37  -21.70   29.10  24263.      0.
    8.39  -14.90   26.80  25723.      1.
    8.41  -21.10   27.80  33273.     60.
    8.48  -22.50   29.00  25721.      1.
    8.54  -15.40   28.00   8126.      1.
    8.54  -19.70   28.40  25066.    350.
    8.54  -21.10   28.50  44286.      1.
    8.55  -26.00   29.30  25721.      1.
    8.58  -19.90   28.60  25721.      1.
    8.59  -15.50   29.50   6789.      1.
    8.61  -23.10   27.80  17381.      1.
    8.68  -22.30   29.00  25721.      1.
    8.72  -11.90   25.10  22129.      1.
    8.76  -18.00   26.20  28276.      3.
    8.80  -13.50   27.80   7455.      2.
    8.81  -24.40   30.50  40590.     17.
    8.83  -21.40   29.60  45446.      0.
    8.87  -22.60   29.00  46175.      1.
    8.89  -14.80   27.80  25721.      1.
    8.90  -20.20   29.00  24990.      1.
    8.94  -22.60   29.40  31586.      0.
    8.98  -18.70   28.00  20604.      3.
    9.09  -21.60   30.40  24541.     56.
    9.10  -24.10   30.70  43767.    548.
    9.11  -18.40   28.60  22927.     23.
    9.11  -20.20   30.20  22712.      0.
    9.16  -17.30   29.60  46236.      0.
    9.17  -17.10   27.80   9150.      1.
    9.21  -20.10   29.10  25721.      1.
    9.24  -18.00   29.00  28645.      1.
    9.24  -21.20   30.00  23532.      0.
    9.25  -17.90   29.50  24627.      1.
    9.27  -13.10   26.90  26086.      1.
    9.28  -17.60   29.80  24260.      1.
    9.29  -17.70   28.90  24263.      0.
    9.30  -11.90   27.60   9137.   2045.
    9.30  -22.10   30.20  20592.      0.
    9.33  -18.60   28.90  27547.      1.
    9.36  -13.40   26.70  25721.      1.
    9.48   -9.70   23.70  23774.      1.
    9.48  -18.60   30.30  25631.     91.
    9.55  -16.60   29.70  25356.      1.
    9.58  -20.20   30.10  25601.    121.
    9.63  -10.10   32.70   6751.    273.
    9.75  -18.50   30.50  25356.      1.
    9.79  -18.10   30.80  19878.      1.
    9.79  -15.80   28.50  16285.      1.
    9.81  -11.50   25.90   7277.      1.
    9.82  -15.80   29.00  38440.      0.
    9.98  -18.00   30.10  16832.      1.
    9.99   -4.80   24.50   5863.    385.
   10.07   -8.20   27.80   6039.    655.
   10.14  -18.80   29.30  21828.      0.
   10.14  -15.80   29.10  10110.      0.
   10.17  -18.00   30.60  24991.      1.
   10.25  -18.50   30.60  48183.      0.
   10.40  -10.80   29.60   2257.      1.
   10.53  -16.20   29.50  23376.     32.
   10.64  -17.60   31.60  26817.      1.
   10.68  -13.20   29.70   4324.     16.
   10.70  -14.60   30.00  17507.      0.
   10.70   -2.70   22.20   5217.    189.
