DWD - sifted/sorted data 
                         
AJ_Kettle  20171102
                                        
N_days       81
                                        
Average Minimum Maximum N_good  N_bad   
+------++------++------++------++------+
   73.27   25.00  100.00  19878.      1.
   73.88   27.00  100.00  25339.     18.
   74.66   24.00  100.00  26796.     22.
   75.27   26.00  100.00  17507.      0.
   75.47   25.00  100.00  24991.      1.
   75.57   29.00  100.00  23532.      0.
   75.80   29.00  100.00  22712.      0.
   75.99   33.00  100.00   4308.     32.
   76.00   24.00  100.00  24326.    271.
   76.10   29.00  100.00  25721.      1.
   76.15   25.00  100.00  21828.      0.
   76.56   29.00  100.00  24626.      2.
   76.70   30.00  100.00  26654.  17661.
   76.79   31.00  100.00  25721.      1.
   76.81    6.00  101.00  22525.     20.
   76.82   31.00  100.00  48183.      0.
   76.99   30.00  100.00  27525.     23.
   77.04   29.00  100.00  23407.      1.
   77.10   12.00  100.00  53830.     15.
   77.14   31.00  100.00  22906.     44.
   77.16   19.00  100.00  38228.    212.
   77.25   31.00  100.00  20592.      0.
   77.64   33.00  100.00  25719.      3.
   77.85   28.00  100.00  25721.      1.
   77.91   28.00  100.00  16832.      1.
   78.06   34.00  100.00  16285.      1.
   78.07   27.00  100.00  24259.      2.
   78.07   30.00  100.00  24981.     10.
   78.08   27.00  100.00  40544.     63.
   78.15    1.00  100.00  45446.      0.
   78.33   32.00  100.00  10110.      0.
   78.40   32.00  100.00   9151.      0.
   78.41   31.00  100.00  25356.      1.
   78.52   29.00  100.00  24263.      0.
   78.62   25.00  100.00  15039.  16547.
   78.65   33.00  100.00  25716.      6.
   78.82   30.00  100.00  24263.      0.
   78.82   32.00  100.00  25710.     12.
   78.91   35.00  100.00  25712.     10.
   78.98   38.00  100.00   6127.     40.
   78.99   37.00  100.00  23895.      1.
   79.13   28.00  100.00  14032.      2.
   79.17   32.00  100.00  28645.      1.
   79.24   35.00  100.00   2257.      1.
   79.36   33.00  100.00  25718.      4.
   79.41   36.00  100.00  20594.     13.
   79.58   32.00  100.00  11120.     62.
   79.64   29.00  100.00  23883.     13.
   79.75   28.00  100.00  46175.      1.
   80.05   26.00  100.00  17359.     23.
   80.27   25.00  100.00   6784.      6.
   80.28   27.00  100.00  46154.     82.
   80.40   15.00  100.00  24462.      3.
   80.41   22.00  100.00  25720.      2.
   80.44   31.00  100.00  25341.     75.
   80.56   27.00  100.00   8126.      1.
   80.63   31.00  100.00  44262.     25.
   80.73   33.00  100.00   7451.      6.
   80.92   28.00  100.00  29645.      3.
   81.11   33.00  100.00  33197.    136.
   81.24    7.00  100.00  12608.     26.
   81.27   32.00  100.00  25721.      1.
   81.55   31.00  100.00  25721.      1.
   81.69    3.00  101.00  42533.     37.
   81.74   36.00  100.00  26086.      1.
   82.19    2.00  100.00  26270.      8.
   82.34   10.00  100.00   5658.    590.
   82.75   41.00  100.00  28262.     17.
   82.86   39.00  100.00  25710.     12.
   82.88   35.00  100.00  25723.      1.
   82.96   45.00  100.00   5091.    315.
   83.03   40.00  100.00  23769.      6.
   83.47   38.00  100.00  25707.     16.
   83.65   38.00  100.00   7274.      4.
   84.03   38.00  100.00   6568.    456.
   84.32   44.00  100.00  22129.      1.
   84.35   12.00  100.00  27034.      0.
   86.37    5.00  100.00  22799.      1.
   86.37    5.00  100.00  25721.      1.
   87.16    5.00  100.00  25448.     21.
   87.68   49.00  100.00   5532.   1162.
