DWD - sifted/sorted data 
                         
AJ_Kettle  20171102
                                        
N_days       78
                                        
Average Minimum Maximum N_good  N_bad   
+------++------++------++------++------+
    1.41    0.00   67.10  25722.      0.
    1.42    0.00   77.10  20591.      1.
    1.45    0.00  123.00  24261.   1461.
    1.45    0.00   75.00  24260.      3.
    1.46    0.00   83.10  20604.      3.
    1.49    0.00   83.00  24262.   1461.
    1.49    0.00  130.00  19878.      1.
    1.51    0.00   57.20   5826.    341.
    1.52    0.00  171.70  40607.      0.
    1.52    0.00   68.70  22129.      1.
    1.57    0.00  130.60  44314.      1.
    1.58    0.00  119.50  25357.      0.
    1.61    0.00  104.80  45446.      0.
    1.61    0.00  106.00  24628.      0.
    1.62    0.00   71.10  25722.      0.
    1.62    0.00  124.70  31585.      1.
    1.63    0.00   74.60  31827.   1506.
    1.65    0.00  111.40  24261.   1461.
    1.67    0.00  125.20  23896.      0.
    1.70    0.00  118.50  44285.      2.
    1.70    0.00   91.90  27542.      6.
    1.72    0.00   90.60  22712.      0.
    1.74    0.00  109.70  24992.      0.
    1.74    0.00   75.30  24991.      0.
    1.77    0.00   70.10  25721.      1.
    1.77    0.00  103.10  26809.      9.
    1.77    0.00   78.80  28646.      0.
    1.80    0.00   61.30  14034.      0.
    1.81    0.00   83.70  23597.   1819.
    1.82    0.00   53.50   4324.     16.
    1.82    0.00   76.20  25265.    457.
    1.82    0.00  158.00  24322.    275.
    1.83    0.00   70.20   8127.      0.
    1.86    0.00   78.50  46175.     61.
    1.90    0.00   74.60  25722.      0.
    1.90    0.00   82.50  28277.      2.
    1.92    0.00   68.30  23532.      0.
    1.93    0.00   82.30  22923.     27.
    1.96    0.00   61.80  17381.      1.
    1.96    0.00   67.70  25722.      0.
    2.01    0.00   64.90  23773.      2.
    2.04    0.00   65.10  25722.      0.
    2.04    0.00  140.10  10110.      0.
    2.05    0.00   76.00  46176.      0.
    2.07    0.00   57.80  25356.      1.
    2.07    0.00   71.10   9151.      0.
    2.08    0.00   57.40  17507.      0.
    2.10    0.00   61.00   6789.      1.
    2.10    0.00   56.90   2258.      0.
    2.11    0.00  104.20  11173.      9.
    2.15    0.00   71.00  25721.      1.
    2.18    0.00   98.50  48182.      1.
    2.20    0.00   54.20   7278.      0.
    2.20    0.00   78.80  25722.      0.
    2.21    0.00   63.30  21828.      0.
    2.22    0.00   63.70  26087.      0.
    2.24    0.00   68.00  38349.     91.
    2.24    0.00   97.80  16833.      0.
    2.30    0.00   73.10  24263.      0.
    2.32    0.00   71.30  23408.      0.
    2.34    0.00   81.40  16286.      0.
    2.40    0.00  101.10   7457.      0.
    2.44    0.00   85.90  25724.      0.
    2.48    0.00   72.60  24261.      0.
    2.89    0.00  100.20  25722.      0.
    3.00    0.00   73.40  27031.      3.
    3.12    0.00  137.80  24260.   1462.
    3.15    0.00  138.50  50949.   2896.
    3.45    0.00   86.10  23893.      3.
    3.87    0.00  102.50  22800.      0.
    4.05    0.00   94.10  12634.      0.
    4.40    0.00  113.30  24463.      2.
    4.72    0.00  154.50  24259.   1210.
    4.80    0.00  112.80  26275.      3.
    4.82    0.00  121.80  29646.      2.
    4.88    0.00  133.90  42416.    154.
    5.20    0.00  141.30  22333.    212.
    7.00    7.00    7.00      1.   5405.
