DWD - Day Historical Data
snoacc                   
                         
                         
AJ_Kettle  20171003
                                        
Stnid Height   Latitude Longitud St_date  En_date  N_TOTAL  SNOAC SNOAC SNOAC SNOAC 
Stnid Height   Latitude Longitud St_date  En_date  N_TOTAL  NGOOD MIN   MAX   AVG   
Stnid Height   Latitude Longitud St_date  En_date  N_TOTAL        cm    cm    cm    
+---+ +------+ +------+ +------+ +------+ +------+ +------+ +----++----++----++----+
00001   478     47.8413   8.8493 19370101 19860630    17348  17348   0.0  62.0  1.08
00003   202     50.7827   6.0941 18910101 20110331    38440  28267   0.0  43.0  0.55
00044    44     52.9335   8.2370 19710301 20151231    16376  16221   0.0  36.0  0.33
00052    46     53.6623  10.1990 19730101 20011231    10592  10592   0.0  36.0  0.55
00061   339     48.8443  12.6171 19750701 19780831     1158   1158   0.0  25.0  0.87
00070   712     48.2052   9.0371 19730601 19860930     4870   4870   0.0  65.0  4.05
00071   759     48.2156   8.9784 19861101 20151231     8461   8304   0.0  52.0  1.46
00072   794     48.2766   9.0001 19781001 19950531     6087   6087   0.0  75.0  3.52
00073   340     48.6159  13.0506 19590301 20151231    20637  20484   0.0  44.0  1.02
00078    65     52.4850   7.9119 19610101 20151231    19998  19845   0.0  30.0  0.26
00091   300     50.7446   9.3450 19781101 20151231    13544  13390   0.0  27.0  0.57
00093   269     50.7691   9.2542 19771201 19781031      335    335   0.0   7.0  0.44
00098   780     51.1890   8.4671 19470101 19541231     2922   2922   0.0 191.0 12.33
00102    32     53.8617   8.1266 19980101 20151231     6175      0 -99.0 -99.0-99.00
00116   213     50.9833  12.4333 19470101 19661231     7305   7305   0.0  38.0  1.03
00125   756     47.8342  10.8667 20000702 20151231     5378   3641   0.0  75.0  2.48
00129    33     53.6893  13.2420 19910101 20061231     5691   5691   0.0  26.0  0.36
00131   296     51.0880  12.9328 20041101 20151231     4078   3925   0.0  45.0  1.28
00132   750     49.7725  12.3891 19531211 19870930    12347  12316   0.0 167.0  8.46
00142   510     48.4059  11.3117 19550101 20151231    22280  22127   0.0  62.0  1.29
00150   215     49.7271   8.1169 19510101 20151231    23346  23193   0.0  25.0  0.28
00151   383     49.4689  11.8547 19470101 20151231    25143  24990   0.0  41.0  1.16
00154   515     48.0197  12.2924 19940101 20151231     8035   7881   0.0  45.0  1.48
00161    75     50.4238   7.4203 20110901 20151231     1583   1028   0.0  10.0  0.12
00164    54     53.0316  13.9907 19470101 20151231    25202  23741   0.0  47.0  0.76
00167     9     53.8412  13.6846 20040901 20151231     4139   3985   0.0  46.0  0.94
00169   630     50.5730  13.0053 19470101 19661231     7305   7305   0.0 101.0  4.25
00172   395     52.2486   9.5056 19690501 19911130     8249   8249   0.0  78.0  2.18
00174   250     49.1886   7.9766 19840301 19871231     1401   1401   0.0  29.0  0.75
00175   413     49.2964  10.5751 19520101 19760430     8887   8887   0.0  38.0  1.08
00177   418     49.3158  10.5815 19470501 19571031     3837   3837   0.0  32.0  0.84
00183    42     54.6792  13.4343 19470101 20151231    25202  23741   0.0  59.0  0.43
00184    55     52.6769  12.0077 19470101 19660630     7121      0 -99.0 -99.0-99.00
00185     3     54.6289   9.9294 19460101 19571231     4383   4383   0.0  50.0  0.80
00186   218     51.3773   8.0713 19470101 19980930    18901  18901   0.0  43.0  0.81
00191   220     49.9695   9.9113 19860401 20151231    10867  10700   0.0  28.0  0.30
00193   232     51.3845   9.0820 19680101 19971031    10897  10897   0.0  45.0  0.81
00198   164     51.3745  11.2920 19540101 20151231    22645  22494   0.0  28.0  0.58
00202   110     49.9778   9.1114 19470101 19511231     1826   1826   0.0  18.0  0.28
00207   105     51.7498  11.4667 19470101 19641231     6575   6575   0.0  33.0  0.89
00211   200     50.5799   8.4682 19810901 19991231     6696   6696   0.0  22.0  0.31
00217   672     47.8774  11.3642 19410101 20151231    27180  27027   0.0  72.0  2.33
00221   483     48.5515  11.7117 19850801 19900531     1765   1765   0.0  30.0  0.82
00222   387     50.5907  12.7140 19770101 20151231    14243  10819   0.0  60.0  1.75
00231   490     48.3723  10.8948 19010101 19740430    18688  14830   0.0  99.0  1.81
00232   461     48.4254  10.9420 19470101 20151231    25202  24926   0.0  46.0  0.91
00238   560     47.9699   9.6672 19510101 20041231    19724  19724   0.0  53.0  1.22
00243     4     53.4621   7.4670 19580901 20061231    17654  17654   0.0  44.0  0.38
00257   240     48.7270   8.2458 19490101 20151231    24440  24287   0.0  65.0  0.46
00259   273     47.8064   7.6387 19470101 20151231    24168  24015   0.0  50.0  0.60
00273   467     47.8413   9.6606 19861201 19900430     1247   1247   0.0  19.0  0.49
00282   240     49.8742  10.9206 19490101 20151231    24471  23386   0.0  38.0  0.56
00283   382     49.8808  10.8695 19480101 19591231     4383   4383   0.0  30.0  0.92
00284   282     49.8800  10.8800 18790101 19581231    29219   9489   0.0  40.0  1.36
00288     3     53.8409  13.7549 19910101 19980831     2800   2800   0.0  14.0  0.22
00294   110     52.3199   9.4300 19920201 20151231     8735   7384   0.0  33.0  0.40
00298     3     54.3406  12.7108 19470101 20151231    18628  11055   0.0  67.0  0.98
00303    55     52.0614  13.4996 19980101 20151231     6568   1572   0.0  27.0  1.18
00314   232     51.1605  14.5037 19450606 20151231    24468  24258   0.0  56.0  1.18
00320   350     49.9667  11.5197 19470101 20151231    25202  25048   0.0  31.0  0.85
00326   120     51.7204   8.0577 20040701 20130707     3294   2902   0.0  26.0  0.32
00327    27     53.6234   8.8323 19620901 19961031    12480  12480   0.0  57.0  0.64
00330   450     49.5617   8.9679 19370101 20151231    28733  28580   0.0  65.0  1.67
00335     4     54.3426  10.6018 19761201 19771031      335    335   0.0   6.0  0.13
00342   103     52.3170   8.1693 20101201 20151231     1857   1265   0.0  27.0  0.45
00348   127     50.4135   7.5886 19900101 20110901     7914   3532   0.0  12.0  0.10
00355   140     49.6789   8.6276 19470101 19891031    15614  15614   0.0  36.0  0.51
00365   421     49.3311  11.4303 19911001 20020930     4018   4018   0.0  33.0  0.79
00368    70     52.8152   9.9248 20000701 20151231     5657   5308   0.0  31.0  0.53
00377   252     49.1070   7.9967 19470101 20151231    24563  24394   0.0  36.0  0.31
00386   445     51.0454   8.3851 19730701 19861130     4870   4870   0.0  50.0  3.11
00390   610     50.9837   8.3679 19861201 20151231    10623  10470   0.0  90.0  3.10
00395    38     52.4167  13.4833 19480701 19531231     2010      0 -99.0 -99.0-99.00
00399    37     52.5206  13.4106 19810101 20141231    12312    465   0.0  17.0  0.36
00400    60     52.6309  13.5022 19610101 20151231    20088  10985   0.0  39.0  0.60
00402    55     52.4564  13.2997 18760101 19621231    31586  31586   0.0  44.0  0.51
00403    51     52.4537  13.3017 19500101 20151231    24106  24106   0.0  49.0  0.81
00405    37     52.4500  13.6500 19510401 19541231     1371      0 -99.0 -99.0-99.00
00407    48     52.6461  13.2858 19580101 19780331     7395   7395   0.0  26.0  0.64
00408    35     52.5333  13.3833 19481201 19511130     1095      0 -99.0 -99.0-99.00
00410    33     52.4040  13.7309 19960601 20151231     7153   7000   0.0  46.0  0.58
00416    47     52.4069  13.4127 19820701 19960930     5114   5114   0.0  23.0  0.43
00417    43     52.4144  13.3036 19360101 19561031     7215   7215   0.0  40.0  0.74
00420    60     52.5447  13.5598 19930501 20151231     6972   6819   0.0  32.0  0.48
00422    35     52.5333  13.3833 19560101 19641231     3288      0 -99.0 -99.0-99.00
00424    36     52.5000  13.4667 19540101 19801231     9862   4748   0.0  34.0  0.70
00425    38     52.4044  13.4838 19590101 19820630     8582   8582   0.0  43.0  1.05
00427    46     52.3807  13.5306 19670101 20151231    17897  17166   0.0  42.0  0.61
00429    32     52.5667  13.1694 19861001 19870131      123    123   0.0  22.0  4.24
00430    36     52.5644  13.3088 19630101 20151231    19358  19358   0.0  47.0  0.63
00432    36     52.6044  13.2952 19780401 19941231     6088   6088   0.0  63.0  0.97
00433    48     52.4675  13.4021 19480101 20151231    24837  22221   0.0  55.0  0.62
00434    35     52.4553  13.4699 19470101 19601231     4018      0 -99.0 -99.0-99.00
00435    45     52.4289  13.2327 19640101 20061231    15706  15706   0.0  52.0  0.65
00445    84     51.8218  11.7109 18980101 20151231    32322  32158   0.0  40.0  0.57
00450   120     49.9186   7.0664 19450101 20121203    24809  24671   0.0  20.0  0.16
00460   363     49.2640   6.6868 19510101 20151231    23723  18961   0.0  37.0  0.51
00474   599     48.1252   9.7639 19590101 19860930    10135  10135   0.0  40.0  1.31
00480   296     50.9275   8.4935 19450101 20061231    22263  22217   0.0  50.0  0.90
00502   412     49.8747   9.4883 19670801 20061231    14398  14398   0.0  51.0  1.60
00524    80     51.6333  12.3167 19470101 19921231     8036   8036   0.0  32.0  0.50
00526   254     50.6738  11.2805 19510101 19751231     9131    365   0.0  10.0  0.45
00535   417     50.0372   7.3079 19470101 20151231    24074  23921   0.0  49.0  0.83
00550   344     50.9041  11.7985 19940501 20020930     3075   3074   0.0  22.0  0.80
00553    25     51.8380   6.6107 19540101 19740831     7548   7548   0.0  34.0  0.23
00554    23     51.8293   6.5365 19470101 20060228    14061  12755   0.0  19.0  0.15
00555   101     51.4789   7.2697 19400101 20151231    15826  11561   0.0  28.0  0.44
00576   445     48.6759   8.9732 19870801 20031231     5997   5997   0.0  28.0  0.38
00578   379     48.9451  11.3667 19510301 19661231     5785   5785   0.0  37.0  1.18
00588   105     51.7520   9.3953 19920501 19960731     1553   1553   0.0  12.0  0.20
00591    45     53.3911  10.6878 19470101 20151231    25202  18637   0.0  49.0  0.67
00592    10     53.8634   9.7344 19460101 19621231     6209   6209   0.0  26.0  0.36
00596    15     54.0028  11.1908 19470101 20151231    25202  24015   0.0  52.0  0.43
00598    62     50.7285   7.0839 19490101 19570831     3165   3165   0.0  23.0  0.16
00599    62     50.7055   7.1467 19321001 19990301    22858  13187   0.0  25.0  0.27
00603   159     50.7349   7.1931 20000701 20151231     5640   1905   0.0  12.0  0.32
00606   569     48.0791  10.1977 19500101 19540731     1673   1673   0.0  33.0  1.54
00614   240     51.5709   9.3120 19510101 20071231    17471  17471   0.0  39.0  0.68
00617    48     51.8728   6.8862 20040601 20151231     4231   4048   0.0  24.0  0.24
00619    12     53.5788   6.6703 19470101 20060228    21578  21578   0.0  35.0  0.25
00642     1     53.3517   8.4969 19660101 19931031    10135  10135   0.0  44.0  0.39
00643     0     53.2960   8.4529 19931101 19941231      426    426   0.0   1.0  0.01
00645    58     52.4036   7.9724 19470101 19520131     1857   1857   0.0  20.0  0.21
00648     9     53.8551   9.7152 19630501 20061231    15951  15951   0.0  35.0  0.43
00650    35     52.4136  12.5503 19480701 20010430    15645  15645   0.0  44.0  0.69
00652   384     49.5353  10.7706 19490101 19580731     3499   3499   0.0  32.0  0.87
00656   607     51.7234  10.6021 19360101 20151231    28390  23756   0.0 160.0  9.51
00660    83     52.2744  10.5656 19480101 19601231     4749   4749   0.0  30.0  0.46
00661    75     52.2708  10.5334 18910101 19531231    21457   8373   0.0  60.0  1.68
00662    81     52.2914  10.4465 19610101 20151231    20088  19097   0.0  36.0  0.56
00685   585     49.9017   9.4281 19980112 20061101     3185     30   0.0   0.0  0.00
00691     4     53.0445   8.7985 18900101 20151231    45714  31853   0.0  68.0  0.46
00699     4     53.1004   8.7834 19490101 19580630     3468   3378   0.0  25.0  0.28
00701     7     53.5332   8.5761 19490101 20151231    24471  23591   0.0  37.0  0.33
00702     8     53.5876   8.6015 19480101 19611231     5114   5114   0.0  26.0  0.33
00703     5     53.4779   9.1553 19370101 19850531    17652  17652   0.0  53.0  0.69
00704    10     53.4451   9.1390 19980101 20151231     6574   1569   0.0  29.0  0.80
00705     5     53.5312   9.1664 19850601 20061231     7884   7884   0.0  23.0  0.15
00706   234     47.8858   7.6611 19710501 20041231    12238  12238   0.0  41.0  0.22
00710   181     49.0250   8.6991 19831101 20031231     7366   7366   0.0  25.0  0.35
00717   443     51.3873   8.5737 19370101 20040630    24227  24223   0.0  85.0  2.41
00722  1134     51.7986  10.6183 19470911 20151231    24949  24949   0.0 380.0 37.54
00727   290     49.7345   8.9557 19580101 19861231    10592  10592   0.0  41.0  0.70
00729   600     50.8282  10.4540 19470101 19801231    10593   8036   0.0 153.0  7.92
00736   390     49.6303   7.1148 19470101 19991231    18293  18293   0.0  47.0  1.00
00738   310     50.3080   9.7835 19690501 19840831     5512   5512   0.0  35.0  1.19
00755   340     49.5182   9.3213 19350101 20151231    28733  28073   0.0  54.0  0.94
00757   445     47.9625   7.9983 19901001 20151231     9223   9070   0.0  48.0  0.71
00760    82     53.3635   9.9434 19760601 20040531    10227  10227   0.0  56.0  0.68
00766   477     50.1746   7.0595 20000701 20151231     5662   4936   0.0  38.0  0.78
00769    68     52.2817   9.0889 19790101 20151231    13440  13307   0.0  34.0  0.35
00771   148     50.2769   9.1167 19470101 19551231     3122   3091   0.0  17.0  0.26
00772   190     48.6957   8.1744 19470101 19860430    14334  14334   0.0  51.0  0.44
00773   478     48.6743   8.1799 19860501 20041231     6820   6820   0.0  90.0  1.16
00793   530     49.6620   7.1098 19920101 19941031     1035   1035   0.0  15.0  0.29
00817   293     51.0306   8.8146 19521001 20151231    22978  22815   0.0  43.0  0.79
00840   897     50.4313  12.6114 19950301 20151231     7606   3874   0.0 162.0 14.01
00848    38     52.6146  10.0726 19400101 19781231    12785  12785   0.0  28.0  0.48
00850    39     52.5959  10.0296 19790101 20151231    13489  13245   0.0  55.0  0.49
00851   389     49.2504  12.6040 19480201 19960430    17622  17594   0.0  44.0  1.25
00853   418     50.7913  12.8720 18820101 20151231    41545  38721   0.0  66.0  1.47
00856   551     47.8843  12.5404 19980101 20151231     6491   1561   0.0  26.0  1.50
00863   585     51.7904  10.3470 18900101 20120404    42078  30710   0.0 164.0  8.31
00865    42     52.8441   8.0624 19600101 19710228     4077   4051   0.0  36.0  0.72
00867   345     50.3067  10.9680 19470101 20151231    25200  21805   0.0  49.0  1.09
00876   314     51.3000  13.0167 19470101 19881231    13880  10227   0.0  65.0  1.63
00879    68     51.7667  14.2833 20000701 20030331      995    571   0.0  12.0  0.21
00880    69     51.7760  14.3168 18870101 20151231    43795  43271   0.0  41.0  0.71
00881   423     49.0985  10.0979 19500101 20031231    19634  19620   0.0  41.0  1.01
00888   269     50.8149  12.3821 19650101 19911216     6180   5084   0.0  46.0  1.38
00891     5     53.8713   8.7058 19460101 20151231    25567  25567   0.0  57.0  0.34
00896   170     51.0778  10.8619 19910101 20151231     9131   8978   0.0  34.0  0.38
00917   162     49.8809   8.6779 19950801 20151231     7457   7253   0.0  24.0  0.30
00918   122     49.8453   8.6240 19871001 19950731     2861   2861   0.0  29.0  0.18
00919   169     49.8697   8.6796 19370203 19740731    13693  13693   0.0  41.0  0.52
00931   708     47.8007   9.4108 19890801 20031231     5266   5266   0.0  35.0  0.92
00948    60     51.8512  12.2515 19470101 19501231     1461      0 -99.0 -99.0-99.00
00953   481     49.7619   7.0541 19500801 20151231    23888  18907   0.0  60.0  0.99
00954     0     54.1667   7.4500 19980101 20151231     5743      1   0.0   0.0  0.00
00963    39     52.5881   8.3424 19520901 20151231    23132  22980   0.0  30.0  0.32
00964   413     50.0832   6.8904 19520101 19621231     4018   3998   0.0  28.0  0.77
00965   100     51.2401  13.4166 19480601 19900630    15370  14400   0.0  38.0  0.66
00970   405     49.4158  10.6734 19850401 19990630     5204   5204   0.0  22.0  0.53
00979   314     50.7364   8.2672 19470801 20151231    24901  24748   0.0  45.0  0.66
00982   420     48.5701  10.4985 19470501 20061130    21764  21759   0.0  50.0  0.85
00983   419     48.5562  10.5599 20061201 20151231     3318   3165   0.0  20.0  0.31
00991   365     50.9117  13.7087 19540901 20151231    22293  22114   0.0 221.0  1.52
01000     3     54.1442  11.8454 19910701 19970831     2254   2208   0.0  16.0  0.26
01001    97     51.6451  13.5747 19480701 20151231    24653  16002   0.0  50.0  0.76
01003   201     51.1333  13.1167 19470101 19661231     7305   7305   0.0  44.0  0.54
01006    15     53.1399  11.2544 19471101 19610930     5083      0 -99.0 -99.0-99.00
01032   120     51.5120   7.5345 19500101 19990930    18016  18016   0.0  30.0  0.30
01047   112     51.0557  13.7274 18820101 19151231    12417  11195   0.0 111.0  0.24
01048   227     51.1280  13.7543 19350401 20151231    24076  23800   0.0  60.0  1.07
01050   114     51.0221  13.8470 19490101 20151231    23014  14460   0.0  29.0  0.51
01051   119     51.0240  13.7737 19360101 20151231    18416  14854   0.0  40.0  0.81
01052    80     52.2174  12.1641 19930501 20151231     8280   8126   0.0  32.0  0.43
01066   180     51.5040  10.2613 19630101 19761231     5114   5114   0.0  28.0  0.71
01072   107     49.4719   8.1929 19520101 20151231    22646  22493   0.0  35.0  0.25
01073   115     49.4686   8.1797 19360101 19521231     3257   2872   0.0  32.0  0.22
01074   103     51.3043  12.0810 19470401 19730228     9101   7698   0.0  33.0  0.70
01078    37     51.2960   6.7686 19690701 20151231    16985  16985   0.0  27.0  0.16
01079    37     51.1998   6.7574 19350101 19960731    19387  18517   0.0  31.0  0.22
01084    31     51.3940   6.7026 19940501 20070531     4779   4779   0.0  17.0  0.07
01087    21     51.4634   6.7321 19510101 19931231    15555  15555   0.0  25.0  0.17
01091   258     51.2806  10.7362 19910101 20071231     6209   6209   0.0  22.0  0.34
01102   300     48.7201   9.5328 19871101 20021231     5540   5540   0.0  30.0  0.22
01103   592     48.1002  11.9872 19780101 20151231    13695  13448   0.0  75.0  1.73
01106    45     52.8239  13.7979 19470101 19501231     1461      0 -99.0 -99.0-99.00
01107   346     49.8520  10.4990 19630101 20151231    19358  19204   0.0  42.0  1.04
01130    17     54.6282   9.3648 20000701 20050131     1620   1209   0.0 110.0  0.30
01146   487     48.6593   8.9121 19850701 19870731      761    761   0.0  21.0  1.63
01154   470     48.3416  12.8820 19450101 19660930     7884   7884   0.0  63.0  2.60
01161   384     48.8777  11.2349 19550101 20151231    20604  18021   0.0  49.0  0.95
01169   264     47.6288   7.5959 19760201 19990930     8582   8582   0.0  40.0  0.33
01172   123     51.8189   9.8871 19510101 19891130    14214  14214   0.0  32.0  0.63
01182   146     51.5029  11.5705 19470101 20010531    18090  15767   0.0  41.0  1.01
01185     0     54.0000   8.1167 20010319 20021117       15      0 -99.0 -99.0-99.00
01188   518     50.7041  10.8576 19470101 19740831    10105   7913   0.0  60.0  2.62
01197   460     48.9895  10.1312 19410101 20151231    26875  26690   0.0  56.0  1.42
01200     3     54.0691   9.0106 19980101 20151231     6566   1478   0.0  10.0  0.28
01201    85     50.9281   6.5646 19470701 20001231    19543  19543   0.0  30.0  0.17
01204     1     53.2346   8.4612 19490101 19651231     6209   6209   0.0  28.0  0.43
01207   560     50.2705  12.2742 19480601 20151231    23805  23651   0.0  78.0  3.03
01214   440     48.2012   8.1089 19871101 20151231     8522   8368   0.0  59.0  0.85
01219     5     53.3449   7.1909 19470101 19970630    11445  11445   0.0  46.0  0.33
01221     0     53.3707   7.2236 19550101 19740228     6999   6999   0.0  27.0  0.49
01224   201     48.1378   7.8351 19751101 20151231    14671  14518   0.0  49.0  0.28
01228     0     54.1651   6.3460 20000701 20151231     4995      1  11.0  11.0 11.00
01229    90     50.3324   7.6975 19470101 19970331    18353  18350   0.0  37.0  0.30
01238   144     50.9884   7.4250 19510101 19960930    16710  16710   0.0  37.0  0.60
01239   540     47.8516   8.7673 19860801 20080923     5748   5715   0.0  43.0  0.47
01243   705     48.4734   9.3028 19760101 19850930     3561   3561   0.0  64.0  3.36
01246   104     51.8418   8.0607 20150801 20151231      153     92   0.0   0.0  0.00
01254   210     49.1307   8.9165 19470701 20021130    20211  20211   0.0  33.0  0.44
01255   220     49.1664   8.8523 20021201 20151231     4779   4626   0.0  17.0  0.31
01262   446     48.3477  11.8133 19920517 20151231     8629   8597   0.0  42.0  0.62
01266    18     54.2992   9.3162 19640501 20151231    18872  18718   0.0  45.0  0.57
01270   316     50.9829  10.9608 19510101 20151231    23741  23741   0.0  45.0  0.86
01275   340     48.3008  13.1398 19670401 19801231     5024   5024   0.0  35.0  0.86
01276   408     47.6358   9.5392 19800801 20021231     7975   7975   0.0  35.0  0.55
01279   268     49.6497  11.0073 19490101 20151231    24106  23951   0.0  26.0  0.52
01280   280     49.5692  10.9929 19470401 19531231     2467   2402   0.0  19.0  0.37
01287   198     49.8589   9.2861 19911201 20060831     5388   5388   0.0  25.0  0.33
01292   470     49.7522  11.8222 19670101 20060430    14365  14365   0.0  51.0  1.82
01297   170     51.1834  10.0638 19470901 20151231    24900  24717   0.0  45.0  0.50
01299     3     53.6476   7.6085 19790901 19991031     7366   7366   0.0  30.0  0.27
01300   351     51.2540   8.1565 19380101 20151231    26246  26238   0.0  58.0  1.54
01303   150     51.4040   6.9676 19350101 20151231    28125  26406   0.0  32.0  0.32
01327   146     50.7119   6.7910 19370101 20151231    27789  27636   0.0  50.0  0.37
01329    50     54.1340  10.5865 19360101 20031231    23377  23377   0.0  65.0  0.76
01332   472     48.4832  12.7240 19660701 20151231    17897  17696   0.0  45.0  1.19
01339    73     52.9157  10.1885 20000701 20151231     5655   5101   0.0  42.0  0.60
01341     0     54.6000  11.1500 20081201 20110928      971      0 -99.0 -99.0-99.00
01345    92     53.3346  13.4371 19470301 19621231     5785      0 -99.0 -99.0-99.00
01346  1490     47.8749   8.0038 19450101 20151231    25758  24954   0.0 350.0 29.84
01357   654     49.9807  11.8376 19480101 20151231    24714  24561   0.0 139.0  6.64
01358  1213     50.4283  12.9535 18900801 20151231    44371  42555   0.0 335.0 31.72
01374   363     50.5049  10.1671 19490112 19720430     8510   8510   0.0  60.0  1.87
01378    45     54.8086   9.4182 19850701 20061231     7854   7854   0.0  28.0  0.30
01379    41     54.7737   9.3752 19570101 19850630    10408  10408   0.0  51.0  0.78
01380    19     54.8147   9.4580 19410101 19561231     5479   5479   0.0  50.0  0.67
01392   622     49.7317  12.3491 19871001 20061231     7032   7032   0.0 118.0  5.61
01403   260     50.0616   9.4550 19650401 19801031     5693   5693   0.0  36.0  1.00
01410   130     51.3512  11.0958 19910101 19970331     2282   2282   0.0  16.0  0.38
01411   745     50.5309  10.0480 19910101 20151231     7487   7332   0.0  80.0  3.40
01420   100     50.0259   8.5213 19490101 20151231    24471  24471   0.0  32.0  0.29
01421   125     50.1474   8.6746 19611201 19840831     8310   8310   0.0  34.0  0.46
01424   124     50.1269   8.6694 19851101 20151231    10927   8717   0.0  18.0  0.08
01425   109     50.1213   8.6601 18700101 19611130    33479  18356   0.0  40.0  0.64
01426    65     52.3397  14.5080 19470101 19841231    13880  10227   0.0  36.0  0.89
01428   230     49.2275   8.0585 19480101 19571231     3653   3653   0.0  32.0  0.30
01440   481     48.2018   7.9336 19710501 20031231    11840  11840   0.0  44.0  0.77
01441   416     50.9263  13.2711 19470101 19930430     8156   6695   0.0  58.0  1.48
01443   236     48.0233   7.8344 19490501 20151231    24351  21164   0.0  40.0  0.33
01447   255     48.0130   7.8588 19470101 19850630    13847  13847   0.0  30.0  0.34
01451     2     53.8277   9.2493 19701101 20151231    16406  16253   0.0  57.0  0.40
01468   797     48.4537   8.4091 19490101 20151231    23945  23649   0.0 156.0  7.91
01473   436     49.1780  11.3735 20060101 20151231     3652   3499   0.0  29.0  0.88
01488   523     51.6884  11.0394 19470101 19721231     9497   5844   0.0  80.0  4.95
01490   394     47.6454   9.4795 19470101 19801130    12388  12388   0.0  38.0  0.67
01492   852     47.7819   7.7348 19580101 20031231    16680  16659   0.0 115.0  5.10
01503     6     53.0643   7.9022 19470201 20151231    23071  22748   0.0  49.0  0.42
01504   172     51.1190   9.2799 20000701 20151231     5647   5314   0.0  22.0  0.25
01513   653     50.6588   8.1027 19470101 19621130     5813   5813   0.0 110.0  3.52
01515   519     48.2000  11.2667 20000702 20030915      780     32   0.0   0.0  0.00
01522   313     49.4811  10.9640 19470601 19550331     2861   2861   0.0  22.0  0.54
01526   255     50.5335   9.6750 19490101 20110426    21665  21665   0.0 130.0  0.53
01544    47     52.5129  11.3941 19470101 20151231    25202  20004   0.0  37.0  0.64
01550   719     47.4831  11.0623 19360101 20151231    28884  27963   0.0 110.0  6.71
01552    13     53.2066  14.3817 19951101 19960430      182    182   0.0  11.0  1.23
01580   110     49.9859   7.9549 19350101 20151231    29585  28038   0.0  32.0  0.29
01583   823     50.7719  13.7732 19470501 19701231     8646   1461   0.0 225.0 26.80
01584   672     47.9242   8.6473 20090601 20151231     2405    963   0.0  38.0  1.21
01586   610     47.8774  12.6279 19610701 19680430     2496   2496   0.0  95.0  5.72
01587   536     48.9481  11.4289 19980101 20151231     6527   1592   0.0  32.0  2.06
01590    37     51.4943   6.2463 19631001 20151231    19085  18932   0.0  26.0  0.19
01593   190     50.2027   9.1989 19350101 19740430    12174  12174   0.0  72.0  0.53
01602   176     48.4329   7.9931 19700101 20151231    15463  15310   0.0  33.0  0.27
01605    35     52.3875  12.1601 19530101 20151231    22852  11724   0.0  39.0  0.72
01612   311     50.8813  12.1289 19520101 20151231    23376  23371   0.0  70.0  1.18
01617   210     51.7259  11.1317 19520101 20071231    20454  19358   0.0  41.0  1.06
01619    90     49.7611   8.4876 19560101 20051231    18263  18263   0.0  32.0  0.30
01621   550     50.2766   9.9146 19490101 19631231     5478   5478   0.0  60.0  2.34
01638   158     50.5910   8.6551 19490101 19840430    12904  12904   0.0  37.0  0.57
01639   203     50.6017   8.6439 19390101 20151231    27363  25897   0.0  30.0  0.46
01645   340     50.9656   9.0500 19490101 20151231    23908  23716   0.0  43.0  0.96
01666    27     54.8273   9.5057 19930301 20151231     8341   8152   0.0  38.0  0.48
01667     1     53.7970   9.4295 19480101 20061231    21550  21550   0.0  27.0  0.35
01684   238     51.1622  14.9506 19470101 20151231    25202  23741   0.0  44.0  1.15
01689   443     49.7656  11.3061 19360101 20040630    24744  24744   0.0  76.0  1.86
01691   167     51.5003   9.9506 19470101 20151231    25202  25202   0.0  33.0  0.63
01694    58     53.6060  12.1033 19470101 20151231    25160  12579   0.0  40.0  0.92
01721   506     49.6640  11.2239 19910101 20151231     9131   8954   0.0  49.0  1.38
01735   628     48.7893  13.6291 19570501 20151231    21399  21222   0.0 158.0  7.61
01736    27     53.5731  10.6797 19510101 20151231    20300  20146   0.0  60.0  0.65
01748   608     50.4788   9.2620 19360101 20050331    22371  22335   0.0  98.0  3.93
01757     2     54.0967  13.4056 18980301 20151231    32813  31333   0.0  73.0  0.83
01758     2     54.1000  13.4500 19470101 19771231    11323   9862   0.0  48.0  0.81
01759    12     54.2437  13.9102 19470801 20151231    11223   1802   0.0  17.0  0.54
01761   284     50.6500  12.2000 19470101 19581231     4383      0 -99.0 -99.0-99.00
01762   270     50.6249  12.1777 19910101 20061231     5844   5844   0.0  25.0  0.72
01766    48     52.1344   7.6969 19891001 20151231     9588   9588   0.0  25.0  0.17
01803    34     54.0714  12.3238 19670101 20151231    17744  12898   0.0  78.0  0.79
01832  1436     49.1130  13.1342 19821101 20151231    12114  11821   0.0 372.0 41.28
01833  1307     49.0851  13.2801 19470101 19821031    13088  13075   0.0 270.0 36.39
01834   913     50.8519  10.4665 19510101 19780630    10043  10043   0.0 220.0 19.27
01844   517     47.9410  11.9000 19590101 19811231     8401   8401   0.0  69.0  2.56
01863   258     50.2667   9.1854 19950301 20151231     6089   5933   0.0  35.0  0.51
01869    56     53.3153  13.9338 19730101 20151231    15696   8614   0.0  61.0  1.11
01875   492     48.9354   9.7364 19510101 20021231    18993  18993   0.0  68.0  1.76
01890    30     53.7667  12.2167 19470101 19501231     1461      0 -99.0 -99.0-99.00
01891    73     51.8771   8.3577 19380101 20020331    21945  21914   0.0  40.0  0.36
01920   100     51.4129   7.4895 19780601 20071231    10806  10806   0.0  35.0  0.25
01957    93     51.5138  11.9499 19510101 20150322    23450  14666   0.0  33.0  0.68
01960   102     51.4831  11.9671 18510101 19661231    42368  39089   0.0  67.0  0.20
01964   328     49.9445   6.3821 19520101 20151231    22646  22258   0.0  36.0  0.43
01972    35     53.4793  10.2415 19120101 19620930    18536  15507   0.0  38.0  0.17
01973    14     53.5598   9.9874 19470101 19541231     2922   2922   0.0  25.0  0.32
01975    11     53.6332   9.9881 19360101 20151231    29220  28876   0.0  67.0  0.51
01979     2     53.4213  10.1462 19510101 20061231    16285  16285   0.0  36.0  0.38
01981     3     53.4777   9.8957 19620501 20151231    19603  19450   0.0  36.0  0.37
01986     1     53.4699  10.1804 19780601 19880430     3622   3622   0.0  38.0  0.75
01987    47     53.5467   9.9662 19560101 20000229    15917  15917   0.0  45.0  0.46
01990    18     53.5853  10.1293 19510101 20061231    20242  20242   0.0  55.0  0.47
01993    68     52.0848   9.3896 19400101 20071031    24746  24746   0.0  40.0  0.56
02000   106     50.1205   8.9243 19950601 19960930      488    488   0.0   3.0  0.08
02005   108     52.7199  10.5987 19610101 19941231    12418  12418   0.0  56.0  0.99
02014    55     52.4644   9.6779 19360101 20151231    28125  28125   0.0  51.0  0.45
02023   502     48.7918  10.7062 19980101 20151231     6442   1944   0.0  15.0  0.79
02039   201     51.9000  10.5701 19360101 20151231    27150  26840   0.0  75.0  1.28
02044   404     51.6520  11.1367 19470101 20151231    25200  13840   0.0 112.0  2.90
02048     3     53.6342   9.6038 19510101 19591231     3287   3287   0.0  40.0  0.52
02053   461     51.6868  10.8631 19630101 19751231     4748      0 -99.0 -99.0-99.00
02069   648     48.8629  13.0670 19360101 19750531     6728   6728   0.0 134.0  8.79
02074   522     48.3751   8.9801 19470101 20151231    24941  24785   0.0  46.0  0.82
02078    10     54.2181   9.0853 19370101 20020630    23891  23891   0.0  60.0  0.53
02080   110     49.4206   8.6676 19350101 20120911    27588  27093   0.0  50.0  0.34
02081   561     49.3981   8.7251 19360101 19601231     9132   9132   0.0  75.0  2.19
02083   110     49.4192   8.6051 19490101 19581231     3652   3652   0.0  28.0  0.33
02088   498     48.6765  10.1307 19470101 20050430    21154  21154   0.0  61.0  1.89
02092   496     50.1691   7.9949 19520201 19901231    14214  14214   0.0  48.0  1.56
02095   167     49.1448   9.2333 19470701 20031031    20577  20577   0.0  35.0  0.35
02110    57     51.0412   6.1041 19630101 20151231    19358  19145   0.0  45.0  0.18
02115     4     54.1750   7.8920 19520501 20151231    23255  23134   0.0  25.0  0.10
02120   140     52.2164  11.0219 19470301 20061231    21856  21856   0.0  65.0  0.78
02122     2     53.9701   9.0095 19510401 20020531    18689  18689   0.0  40.0  0.50
02147    77     52.1264   8.6865 19360101 20071231    25537  25537   0.0  46.0  0.48
02151   215     51.0048  10.1705 19470101 19910831    16314  16314   0.0  35.0  0.70
02159   430     48.5915   8.8541 19780401 19850331     2557   2557   0.0  28.0  1.06
02160   360     50.8444  10.6904 19910101 20001231     3653   3653   0.0  30.0  0.89
02166   344     51.0167  14.7500 19510101 19901231    14610  13879   0.0  79.0  2.13
02167   302     49.7672   7.3356 19480101 20120401    23468  19106   0.0  40.0  0.60
02171   272     50.8519   9.7378 19490101 20151231    24471  23340   0.0  42.0  0.68
02173    60     51.5890   7.1548 19760101 20071231    11688  11688   0.0  22.0  0.21
02174   238     51.6254  10.3704 19911001 20151231     4748   4595   0.0  31.0  0.65
02187   287     49.9281   9.2870 19530101 19621231     3652   3652   0.0  30.0  1.01
02201     1     54.5750  13.1044 19470101 20151231    14870   6874   0.0  58.0  0.59
02206   117     52.1408   9.8838 19530301 20080229    20089  20089   0.0  37.0  0.72
02211   295     50.7371   7.6528 19370101 20151231    28124  27966   0.0  55.0  0.92
02223   300     50.3674  10.5687 19910101 20011231     4018   4018   0.0  25.0  0.33
02225   385     50.9167  14.3667 19470101 19840930    13703  12201   0.0 120.0  4.07
02226   668     50.4707  10.9106 19910101 20020930     4291   4291   0.0  93.0  3.40
02250   403     49.1279  12.8645 19410101 20060731    23557  23557   0.0  85.0  2.43
02252   270     50.8990  14.7457 19470101 20151231     9087   5540   0.0  40.0  0.91
02260   474     50.3230  11.9077 19490101 20061231    20819  20819   0.0  64.0  1.91
02261   565     50.3122  11.8761 19470101 20151231    25202  25116   0.0  64.0  2.31
02268   263     50.1352  10.5156 19490101 20061231    20819  20819   0.0  25.0  0.50
02289    28     52.6667  12.3333 19530701 19661231     4932      0 -99.0 -99.0-99.00
02290   977     47.8009  11.0109 17810101 20151231    83639  32514   0.0 145.0  7.64
02302   317     50.9632  11.4847 19910101 19921231      731    731   0.0  20.0  0.31
02303    10     54.3146   9.5390 19811001 20151231    12509  12371   0.0  41.0  0.43
02306     8     54.3194  10.6732 19771101 20151231    13940  13787   0.0  45.0  0.54
02315    81     51.7657  13.1666 20000601 20151231     5691   5376   0.0  35.0  0.62
02318   397     50.2182   7.9133 19980801 20000131      549    549   0.0  22.0  0.90
02319   685     47.8823  11.6962 19821201 20151231    12084  11930   0.0  92.0  3.65
02323   110     51.8539   9.4964 19510101 20151231    18140  17914   0.0  49.0  0.71
02327   250     50.7316   9.0032 19510101 20000630    18048  18048   0.0  38.0  0.69
02331   235     49.3283   7.3561 19700101 20021231    12023  12023   0.0  30.0  0.42
02338    39     52.3333   7.5500 20000601 20050630     1856   1134   0.0   7.0  0.05
02344   582     50.1511  11.6980 19430101 19640331     7761   7761   0.0  58.0  2.98
02349  1119     48.6136   8.2034 19530101 20050831    19236  19236   0.0 290.0 17.51
02354   118     51.4379  14.2426 19470201 19591231     4717      0 -99.0 -99.0-99.00
02360   438     48.6018  11.6769 19360101 19780430    15461  15461   0.0  60.0  1.62
02362   328     50.5652   7.4839 19821001 20151231     8522   8365   0.0  38.0  0.82
02374     3     54.4752   9.0564 18910101 19740630    28274  28274   0.0  58.0  0.57
02385   376     49.6927   7.3264 20000701 20151231     5662   5369   0.0  37.0  0.61
02388   193     48.0419   7.6322 19900601 20031231     4962   4962   0.0  14.0  0.10
02396   260     51.8667  10.6833 19470101 19501231     1461      0 -99.0 -99.0-99.00
02406   209     49.2967   9.6520 19800701 20021130     8188   8188   0.0  23.0  0.49
02410   364     48.7112  11.5362 20000702 20151231     5633   3506   0.0  26.0  0.58
02417   621     48.1644  12.0307 19590101 19771231     6937   6937   0.0  70.0  2.75
02422   230     51.3768   7.7644 19380101 19780630    14061  14061   0.0  44.0  0.64
02429    21     53.9897   9.5696 20000601 20151231     5691   2603   0.0  26.0  0.40
02437    21     54.4550   9.5194 19980101 20151231     6546   5068   0.0  42.0  0.67
02444   155     50.9251  11.5830 18240101 20151231    68524  46840   0.0  40.0  0.66
02451    77     51.7954  12.9583 19910101 20010831     3896   3896   0.0  20.0  0.35
02456     7     53.5322   7.8806 19400101 20050826    23614  23585   0.0  56.0  0.40
02464     1     53.5316   9.6752 19510101 19901031    14549  14549   0.0  40.0  0.53
02474    91     50.9104   6.4093 19760101 20081231    12054  12054   0.0  35.0  0.21
02475    75     52.0006  13.1022 19670101 19801231     5114   5114   0.0  40.0  1.06
02480   107     50.0644   8.9932 19470101 20151231    25141  24934   0.0  30.0  0.30
02483   839     51.1803   8.4891 19550101 20151231    22280  22252   0.0 239.0 11.04
02485   489     48.9171   9.6872 20110501 20151231     1706   1117   0.0  35.0  1.07
02486   271     49.4262   7.7557 19010101 20151231    35947  22641   0.0  40.0  0.56
02488   516     48.7701  10.7876 19460101 20020930    20727  20727   0.0  61.0  1.53
02494    31     51.7329   6.2688 20000601 20130929     4869   4466   0.0  22.0  0.22
02497   505     50.5016   6.5262 19470101 20151231    24928  24775   0.0  55.0  1.13
02502   447     51.3176  10.1355 19510201 19561231     2161      0 -99.0 -99.0-99.00
02503   487     50.6266  10.1455 19510101 20030331    19065  13264   0.0  70.0  2.07
02506   270     51.2667  14.0833 19470101 19630831     6087      0 -99.0 -99.0-99.00
02521   374     48.6765  11.2961 19500101 19940331    16161  16161   0.0  43.0  0.80
02522   112     49.0382   8.3641 18760101 20081031    48183  26632   0.0  40.0  0.45
02532   231     51.2963   9.4424 19510101 20131031    22950  19806   0.0  39.0  0.73
02533   198     51.3340   9.4506 19460701 19770630    11323  11323   0.0  35.0  0.60
02542   716     47.8652  10.6007 19700501 20151231    16681  16528   0.0  90.0  2.05
02543   585     48.0916  10.8609 19680101 20081231    14886  14886   0.0  67.0  1.43
02546   141     48.5576   7.8800 19881001 20031231     5570   5570   0.0  22.0  0.14
02559   705     47.7233  10.3348 19520101 20151231    23376  22484   0.0  94.0  3.16
02564    27     54.3761  10.1433 19860601 20151231    10663  10227   0.0  43.0  0.39
02565    17     54.3378  10.0929 19400101 19880930    17380  17380   0.0  57.0  0.79
02575   426     49.1804   9.9800 20070522 20151231     3146   2993   0.0  40.0  1.04
02578    12     53.9995  11.4341 19550801 20151231    21703  20817   0.0  42.0  0.52
02597   282     50.2241  10.0792 19460101 20151231    25567  25037   0.0  34.0  0.66
02600   188     49.7363  10.1781 19821101 20151231    11992  11823   0.0  23.0  0.28
02601   826     50.2218   8.4469 19360101 20151231    28788  25043   0.0 112.0  4.90
02609    40     53.9587  10.3293 19740901 19810331     2404   2404   0.0  50.0  1.14
02618   732     50.8458  10.4803 19910101 20151231     9131   8970   0.0 106.0  6.91
02621    42     52.4036  13.2319 19560101 19691231     5114      0 -99.0 -99.0-99.00
02627   128     51.5554  13.8846 19960701 20151231     7123   6970   0.0  45.0  0.93
02629    46     51.7612   6.0954 19471111 20151231    24552  24399   0.0  35.0  0.22
02638   973     48.1054   8.7549 19470101 20151231    25199  21026   0.0  93.0  4.33
02641    85     51.5185  12.9065 19941001 20151231     7762   7609   0.0  27.0  0.48
02654   200     49.0265   8.7554 19490101 19831031    12357  12357   0.0  33.0  0.41
02657    85     50.3369   7.5992 19510101 20080131    20850  20850   0.0  23.0  0.16
02665    45     50.9615   6.9712 19360101 19841231    16225  16225   0.0  30.0  0.29
02667    92     50.8646   7.1575 19570901 20151231    21306  21306   0.0  25.0  0.23
02680   288     50.2840  10.4456 19510101 20151231    23741  23588   0.0  50.0  0.52
02689    40     53.2279   9.6527 19500101 19601231     4018   4018   0.0  24.0  0.57
02691   378     48.6707  11.2173 19940401 20081231     5389   5389   0.0  20.0  0.42
02700   416     48.8302  11.4872 19490101 20151231    24471  24317   0.0  48.0  1.04
02701   136     51.1329  11.7252 19470101 20070331     6026   4565   0.0  25.0  0.44
02703   496     51.8550   9.3239 19980101 20001010     1008     30   0.0   0.0  0.00
02704    76     51.7515  12.0079 19931001 20151231     8066   7913   0.0  30.0  0.44
02708   740     47.6652  11.0804 19910801 20151231     8906   8735   0.0  75.0  2.49
02712   443     47.6774   9.1901 19721101 20151231    15766  15765   0.0  41.0  0.44
02717   395     51.2662   8.8309 19890601 20051231     6027   6020   0.0  29.0  1.02
02750   312     50.2524  11.3208 19490101 20151231    24106  23953   0.0  45.0  1.03
02761   520     48.2510  10.4163 19510101 19901031    14549  14549   0.0  55.0  1.46
02770    35     53.9015  10.2359 19730701 19740831      427    427   0.0  17.0  0.32
02773   417     49.4283  11.9016 20000701 20151231     5662   5306   0.0  35.0  1.03
02775   225     49.2795   9.6925 19460101 19800630    12600  12600   0.0  33.0  0.59
02780   330     50.1003  11.4494 19600101 19820531     8187   8187   0.0  43.0  1.58
02783   436     48.5126  12.1513 19660901 19920831     9497   9497   0.0  35.0  1.11
02790   296     49.5592   7.4134 19700101 19810831     4261   4261   0.0  38.0  0.75
02794    40     52.9363  12.4093 19860601 20151231    10800   1666   0.0  19.0  0.91
02796    40     53.9156  12.2790 20000601 20151231     5692   5325   0.0  42.0  0.73
02812   155     48.3647   7.8280 19500101 20151231    23649  19900   0.0  40.0  0.35
02814   685     48.5121   9.7645 19490101 20151231    23922  23755   0.0  90.0  2.94
02821   214     51.9603  10.0157 19480101 19571231     3653   3653   0.0  40.0  1.47
02829   621     48.0772  10.9144 20000601 20151231     5692   5270   0.0 109.0  1.46
02830   602     48.0349  10.8709 19500101 19671231     6574   6574   0.0  47.0  2.03
02831   393     48.5357  12.1132 19470111 20080331    13291  13290   0.0  39.0  1.01
02856    91     51.9173  13.0878 19930601 20151231     8249   7127   0.0  33.0  0.48
02857   175     51.1173  10.6568 19470401 19581130     4262      0 -99.0 -99.0-99.00
02861     5     53.7445   7.4775 19510101 19860630    12965  12965   0.0  29.0  0.36
02872    15     52.8457   7.3489 19470101 19501231     1461   1461   0.0  14.0  0.20
02878   119     51.3912  11.8785 19510101 20070430    20574  19023   0.0  32.0  0.52
02879   199     49.5781   9.7142 19490101 19851231    13149  13149   0.0  24.0  0.43
02886   539     48.2176   9.9097 20000701 20151231     5655   5190   0.0  32.0  0.80
02905   550     48.1849  10.8507 20000601 20151231     5691   5153   0.0  58.0  1.08
02906     5     54.7750   8.9808 19510101 19750228     8825   8825   0.0  39.0  0.72
02907     7     54.7903   8.9514 19741101 20151231    15036  11074   0.0  58.0  0.47
02912     9     54.7419   9.8791 19560301 19741130     6849   6849   0.0  22.0  0.46
02915   640     50.4833  11.4500 19470101 19611231     5479      0 -99.0 -99.0-99.00
02920   365     48.7654  12.5121 19780901 19970630     6848   6848   0.0  30.0  0.73
02923   663     47.9116  10.6124 19550101 19700531     5630   5600   0.0  45.0  2.78
02925   356     51.3933  10.3123 19570101 20151231    21549  17252   0.0  38.0  1.16
02928   138     51.3151  12.4462 18631201 20151231    50069  42747   0.0  43.0  0.50
02931   128     51.3920  12.3962 19590112 19720430     4514   2567   0.0  28.0  0.79
02932   131     51.4348  12.2396 19340101 20151231    21708  21640   0.0  52.0  0.61
02947   286     51.1334   8.0352 19620401 20151231    19633  19476   0.0  59.0  0.95
02949   758     48.5396   9.5275 19470801 20020131    19848  19848   0.0 122.0  2.92
02950    14     54.2190  10.8844 19620401 20061231    16346  16346   0.0  65.0  0.80
02951    20     53.1007  11.4864 19941001 20151231     7762   7609   0.0  33.0  0.43
02961     5     54.4996  10.2737 19980101 20151231     6521      1   0.0   0.0  0.00
02963    92     51.3167  12.0333 19470101 19661231     7305   7305   0.0  39.0  0.66
02968    43     50.9895   6.9779 19450101 20151231    25590  23781   0.0  23.0  0.13
02985   321     50.9383  14.2093 19940601 20151231     7884   6829   0.0  47.0  1.80
02996   352     48.7726   8.7287 19470101 19601231     5114   2549   0.0  65.0  1.72
03001   284     48.0674   7.6770 19650101 19900531     9282   9282   0.0  42.0  0.46
03004   185     50.4116   8.0605 19490101 19990630    16039  16039   0.0  35.0  0.32
03007    96     49.4111   8.3980 19470101 19551231     3287   3111   0.0  19.0  0.19
03015    98     52.2085  14.1180 19060401 20151231    40087  23741   0.0  45.0  0.86
03016   760     47.5980   9.8878 19700601 19880430     6544   6544   0.0 127.0  9.62
03018   445     49.7117   8.7804 19730401 20051231    11963  11963   0.0  50.0  1.50
03023    22     52.5181   7.3081 19510101 20151231    23741  23266   0.0  33.0  0.27
03028   157     51.7855   8.8388 19510101 20151231    23741  23523   0.0  42.0  0.60
03031    92     51.6334   8.3943 19801201 20151231    12814  12435   0.0  26.0  0.24
03032    26     55.0110   8.4125 19370101 20151231    27759  26725   0.0  50.0  0.31
03034   500     50.4505  11.6350 19910101 20151231     9131   8978   0.0  50.0  2.11
03042   230     50.5617   8.2386 19930701 20151231     8219   8066   0.0  45.0  0.81
03044    22     52.7216   7.7463 19460101 20151231    20393  20240   0.0  37.0  0.40
03045    27     52.7432   7.8763 19930501 20070630     5174   5174   0.0  11.0  0.14
03056   161     50.0103   9.6100 19470101 20051031    21489  21489   0.0  32.0  0.40
03062   100     50.0352   7.8197 19510101 19890531    14001  14001   0.0  29.0  0.31
03076    95     49.4606   8.4246 19470101 19561231     3653   3653   0.0  25.0  0.35
03082    56     51.9333  13.8833 19730101 19741231      730    730   0.0  16.0  0.23
03083    57     51.9267  13.8797 19911001 20151231     8858   8704   0.0  42.0  0.57
03085    15     53.8773  10.6915 19500301 19850228    12784  12784   0.0  44.0  0.86
03086    16     53.8025  10.6988 19850301 20151231    11263   7770   0.0  50.0  0.55
03088     5     53.8953  10.7040 18900101 19730630    28305  17126   0.0  45.0  0.91
03093    17     52.9724  11.1374 19541201 20151231    22311  18929   0.0  35.0  0.50
03096   444     51.2131   7.6359 19400101 19951231    20058  20027   0.0  70.0  2.09
03098   387     51.2452   7.6425 19940101 20151231     8035   7299   0.0  56.0  1.08
03101    58     51.7694   7.4128 19500101 19950930    15248  15248   0.0  23.0  0.31
03103    11     53.2657  10.4240 19470501 19971231    18508  18508   0.0  45.0  0.48
03113   528     50.7663  10.7201 19910101 19910731      212    212   0.0  26.0  1.29
03126    76     52.1029  11.5827 19470101 20151231    25202  25202   0.0  38.0  0.67
03135   473     49.0643   9.5820 19550501 19830331    10076  10076   0.0  80.0  1.98
03137   195     49.9656   8.2139 19480101 20151231    24806  22597   0.0  25.0  0.25
03139   509     48.2166  11.2965 19831101 20041231     7732   7732   0.0  37.0  0.88
03147   418     48.7726  12.2177 19530101 20151231    18109  17956   0.0  50.0  0.75
03155   413     50.1015   6.8009 19611101 20151231    19722  19325   0.0  40.0  0.73
03158    12     52.5468  14.5452 19850101 20151231    11225   7144   0.0  38.0  0.49
03160   240     51.6084  11.4139 19520101 19801231    10076   8918   0.0  49.0  1.22
03164   182     50.8492   8.7746 19460101 20151231    22586  22403   0.0  34.0  0.57
03166   639     50.6510  13.1469 19560101 20151231    20452   9643   0.0 111.0  4.32
03167   547     50.6620   7.9602 19621201 20151231    19389  18593   0.0  84.0  2.98
03170     5     54.4937  11.2405 20000703 20100430     3279    278   0.0   0.0  0.00
03196    81     53.3223  11.9319 19470101 20151231    25202  18939   0.0  39.0  0.79
03204   427     50.7334  10.8815 19910101 20151231     9131   8978   0.0  52.0  1.48
03211  1011     48.9359  13.5747 19420101 19561231     5449   5398   0.0 208.0 24.26
03212   230     50.3249   7.2300 19610101 20021231    15218  15218   0.0  42.0  0.44
03222    60     52.3411   9.1403 19610101 19781231     6574   6574   0.0  34.0  0.40
03223   460     47.6985   9.2753 19470101 19770930    11231  11215   0.0  40.0  0.43
03226   107     51.7259  11.5111 20060801 20151231     3440   3287   0.0  29.0  0.57
03228   506     51.0976   7.6670 19790801 19951231     5997   5997   0.0  78.0  2.58
03231   450     50.5612  10.3771 19790101 20151231    13514  13364   0.0  70.0  1.59
03234   157     51.1294  13.4327 19560601 20151231    19265  19078   0.0  60.0  0.99
03236    89     52.2044   8.3382 19860701 20011231     5663   5663   0.0  20.0  0.18
03244   615     47.9820  10.1384 19610101 20151231    20057  19903   0.0  68.0  1.69
03245   630     47.9833  10.2333 20000701 20021120      852    390   0.0  11.0  0.35
03246   181     50.3667   7.3167 20000701 20070613     2529   2007   0.0  11.0  0.11
03254    19     52.7156   7.3176 20000702 20151231     5656   3649   0.0  24.0  0.22
03257   250     49.4773   9.7623 19470101 20151231    25202  25049   0.0  31.0  0.47
03268   920     48.1875   8.9938 20000601 20151231     5600   4405   0.0 100.0  4.71
03271   313     48.8548  12.9187 19410101 20151231    27393  27237   0.0  67.0  2.39
03278   355     48.5376   9.2733 20030101 20151231     4455   4302   0.0  29.0  0.62
03284   240     49.6691   9.0085 19870101 20151231    10592  10362   0.0  41.0  0.38
03287   453     49.7176   9.0997 19871001 20151231    10319   9890   0.0  55.0  0.84
03289   355     50.7281  11.7838 19910101 20151231     8096   7943   0.0  41.0  1.01
03291   128     49.7120   9.2258 19801101 20031231     8461   8461   0.0  19.0  0.23
03300   155     50.2285   9.1064 19740501 19930331     6910   6910   0.0  25.0  0.37
03307   981     47.4778  11.2654 19460101 20151231    25506  25414   0.0 152.0  7.17
03313   508     49.7328   8.7771 19360901 19720331    10074  10074   0.0  60.0  1.79
03317    42     53.6128  10.6943 19750701 19840930     3380   3380   0.0  47.0  1.07
03319   239     49.7645   9.2531 20060901 20151231     3409   3222   0.0  23.0  0.34
03320    49     51.1970   6.4499 19350101 19530531     5874   5483   0.0  29.0  0.30
03340   265     50.4383   7.8061 19380101 20151231    10837  10665   0.0  41.0  0.61
03348   240     51.7209   9.8352 19900701 20151231     9315   9161   0.0  35.0  0.74
03362   244     48.9721   8.8734 19980101 20151231     6513   1570   0.0  22.0  0.59
03366   406     48.2791  12.5024 19530101 20151231    23010  21885   0.0  55.0  1.29
03370   300     51.2076  10.3956 19950401 20041130     3532   3532   0.0  22.0  0.51
03376    63     52.5176  14.1232 19490101 20151231    24320  19449   0.0  55.0  0.79
03379   515     48.1631  11.5429 19540601 20151231    22494  21911   0.0  55.0  1.05
03382   521     48.1441  11.6000 19451101 19531231     2983   2983   0.0  42.0  1.61
03383   515     48.1635  11.5019 18790101 19541231    26878   7955   0.0  73.0  3.56
03385   515     48.1660  11.5011 19550101 19990331    16161  16161   0.0  60.0  1.41
03388   542     48.0919  11.6486 19940201 19970131     1096   1096   0.0  14.0  0.64
03390   529     48.1369  11.7094 19400101 19920516    17975  17975   0.0  56.0  1.63
03402   750     48.3851   9.4837 19460101 20151231    25567  25368   0.0  84.0  3.14
03404    62     51.9494   7.5906 18910101 19911231    36159  20697   0.0  38.0  0.59
03425   344     48.9729   9.5708 19510101 20040531    19420  19420   0.0  53.0  1.05
03426   125     51.5660  14.7009 19480401 20151231    15980  14770   0.0  65.0  1.13
03432   380     48.5665   8.7184 19490101 19950331    16860  16860   0.0  55.0  0.74
03442   149     50.3574   8.7506 19470101 20151231    23923  22974   0.0  33.0  0.46
03478    81     53.5468  13.1914 19760701 20050228    10470   9740   0.0  50.0  0.70
03484   380     48.7097  11.2096 20000701 20151231     5662   5119   0.0  27.0  0.60
03485   486     48.3116  10.3771 19910601 20151231     8980   8827   0.0  45.0  0.75
03486   212     49.2931   9.2722 19490101 20041231    20454  20454   0.0  42.0  0.53
03490   111     50.5346   7.0853 19480101 20151231    24807  24654   0.0  41.0  0.27
03509    77     53.1020  13.0421 20041001 20151231     4109   3956   0.0  55.0  1.02
03512   820     50.5000  11.1500 19550101 19771231     8401   4383   0.0 115.0 10.11
03513   845     50.5002  11.1344 19890501 20151231     9741   9740   0.0 137.0 10.27
03518   793     47.9760   8.9101 19811001 19931130     4444   4444   0.0  55.0  2.75
03519   663     47.9519   8.9932 19931201 20031231     3683   3683   0.0  41.0  1.38
03527   500     50.8924   9.4053 19470101 20151231    25202  25048   0.0  61.0  1.73
03532     4     54.3609  10.6015 19510101 19761130     9466   9466   0.0  34.0  0.58
03537    26     54.0873   9.9791 19360101 20070831    25371  25371   0.0  70.0  0.72
03540   195     50.8446   7.3720 19920901 20151231     8522   8367   0.0  35.0  0.29
03541   185     50.8956   7.3081 19620801 19920229    10805  10805   0.0  41.0  0.71
03545   236     49.3436   7.2295 19700101 20151231    15463  15211   0.0  24.0  0.29
03552    38     52.9037  12.8072 19610101 20151231    20087  17591   0.0  46.0  0.51
03565   315     49.5728  10.6001 19470101 20020131    20067  20067   0.0  29.0  0.83
03571   452     49.8174  11.8638 20080301 20151231     2862   2709   0.0  46.0  1.42
03575   163     49.3570   8.1405 19510101 19821231    11688  11688   0.0  32.0  0.31
03576   125     49.3478   8.1822 19760101 20021031     9801   9801   0.0  27.0  0.31
03577    64     53.3585  13.0502 19470101 19760630    10774  10043   0.0  39.0  0.87
03578   341     48.9832  12.1443 19811001 20061231     9223   9223   0.0  26.0  0.62
03590   180     50.2335   8.8923 19610101 20050930    16344  16344   0.0  29.0  0.35
03591   350     50.6744   6.4237 19940101 20151231     8035   7882   0.0  52.0  0.60
03595   250     50.4107   7.8080 19660501 20030630    13575  13575   0.0  32.0  0.63
03603   473     49.3895   9.9666 20000701 20151231     5634   5290   0.0  35.0  0.99
03605   451     48.5334  10.2430 19510101 19801031    10897  10897   0.0  77.0  1.33
03612    25     52.6711   9.2229 19470101 20151231    25141  24987   0.0  53.0  0.43
03621   435     48.8254  10.5066 19470101 20151231    25202  25049   0.0  40.0  0.71
03623   111     50.8294   6.6602 20000701 20151231     5601   5154   0.0  29.0  0.19
03631    11     53.7123   7.1519 19470101 20151231    25202  25054   0.0  65.0  0.27
03639    25     53.7647   8.6583 20000701 20151231     5662   5361   0.0  29.0  0.34
03640    24     52.4124   7.0640 19360101 20061231    24717  24687   0.0  30.0  0.25
03659   627     50.3391   6.9501 19470101 19950228    17591  17591   0.0 101.0  2.30
03660   485     50.3601   6.8697 19950306 20151231     7606   7584   0.0  33.0  0.78
03666   335     49.5008  11.1070 19360101 19741231    13696  13696   0.0  37.0  1.05
03667   368     49.4258  11.2538 19750101 20151231    14639  14486   0.0  40.0  0.78
03668   314     49.5030  11.0549 19550401 20151231    22190  22190   0.0  26.0  0.57
03671   280     48.6321   9.3261 19550101 19910331    13239  13239   0.0  42.0  0.59
03672   457     48.6207   8.8962 19480501 19541231     2436   2436   0.0  47.0  0.75
03679   518     47.6185  12.1666 19470101 20151231    22854  22685   0.0 135.0  5.01
03705   480     48.3147   8.5735 19820701 20041231     8190   8190   0.0  56.0  1.06
03722   484     48.2443  11.5528 19760401 20060531    11018  11018   0.0  50.0  1.21
03730   806     47.3986  10.2760 19360101 20151231    29128  28973   0.0 180.0 10.73
03734   230     49.1280   9.3525 20040701 20151231     4201   4018   0.0  33.0  0.34
03735   455     48.2635  12.2760 19360701 19581231     7765   7765   0.0  61.0  1.88
03739   596     49.4521  12.4366 19481001 20151231    24563  24277   0.0  70.0  2.49
03744   125     51.6018   9.5383 19711201 19750630     1308   1308   0.0  30.0  0.19
03751   626     48.0449   9.8822 19880601 19971231     3501   3501   0.0  27.0  0.64
03752  1014     50.0300  11.8074 19590901 19820930     8431   8431   0.0 220.0 21.32
03753    56     52.2042   7.1784 19640101 19930331    10683  10683   0.0  25.0  0.29
03761   276     49.2070   9.5175 19470101 20151231    25202  24583   0.0  45.0  0.60
03776   110     50.0946   8.7546 19571101 19951031    13119  13119   0.0  35.0  0.35
03777   153     48.4593   7.9255 19580101 20031231    16801  13879   0.0  30.0  0.22
03788   305     50.8646  14.7628 19600601 19851231     9345   9345   0.0  48.0  1.36
03790     5     53.1018   8.2516 19470101 19890930    15614  15614   0.0  35.0  0.50
03791    11     53.1763   8.1824 19891001 20120930     8401   7884   0.0  19.0  0.18
03811   150     51.2960  13.0928 19780101 20151231    13879  12753   0.0  46.0  0.75
03815    95     52.2553   8.0534 19520201 20101130    21488  18198   0.0  42.0  0.49
03818    29     52.7167  11.7333 19560101 19661231     4018      0 -99.0 -99.0-99.00
03821   246     51.0873  11.9292 19840801 20151231    11456   2292   0.0  62.0  2.01
03825   338     49.5033   7.2773 19610101 19771231     6209   6209   0.0  32.0  0.73
03836   312     50.4538  10.2210 19720501 20151231    14065  13911   0.0  38.0  0.76
03856  1010     47.6383  10.4313 19490101 19930630    16129  15980   0.0 178.0  8.72
03857   885     47.6360  10.3891 19931001 20151231     8127   8035   0.0 116.0  7.47
03867     7     53.0643   7.4814 19500101 19561231     2557   2557   0.0  11.0  0.16
03875   549     49.1510  11.6896 19500101 20151231    24075  23922   0.0  85.0  2.37
03878   327     48.5807  13.4152 19360101 19571231     8005   8005   0.0  68.0  1.96
03879   409     48.5779  13.4694 19480101 19970103    17901  17901   0.0  50.0  2.04
03883   442     50.5999  11.9966 19910101 19980131     2588   2588   0.0  26.0  1.36
03897     1     54.0893  10.8773 19980101 20151231     6559   1669   0.0  26.0  0.68
03903   175     49.5114   6.3857 19510101 20040930     9068   8929   0.0  21.0  0.19
03904   152     49.5356   6.3804 19650101 20151231    14274  14114   0.0  22.0  0.18
03915   145     51.9893  13.3608 19470101 19501231     1461      0 -99.0 -99.0-99.00
03924   246     48.9059   8.7412 19370101 20050831    24531  24531   0.0  50.0  0.52
03925   333     48.9318   8.6959 20050901 20151231     3774   3604   0.0  29.0  0.53
03927   630     47.9344   9.2869 19580101 20151231    20362  20209   0.0  53.0  1.48
03929   100     49.2511   8.4415 19480101 19850930    13788  13700   0.0  34.0  0.32
03939   385     49.1911   7.5875 19500101 20151231    24015  23858   0.0  40.0  0.60
03946   386     50.4819  12.1300 18820101 20151231    48306  38548   0.0  61.0  1.15
03955    24     54.1590  10.4020 19500101 19970131    17198  17198   0.0  50.0  0.74
03974   368     49.5058  11.5142 19490301 19930630    16193  16193   0.0  53.0  1.52
03975   522     49.4778  11.5355 19930901 20151231     7426   7262   0.0  74.0  2.47
03987    81     52.3813  13.0622 18930101 20151231    44924  39809   0.0  41.0  0.87
04005   530     47.8588  12.3624 19460101 19571231     4383   4383   0.0  58.0  2.59
04018   550     48.1877  11.2206 19510101 19830831    11931  11931   0.0  48.0  1.51
04024    40     54.3643  13.4771 19470101 20151231    25188  12511   0.0  63.0  1.31
04029    25     52.6691   7.9544 19400101 19571231     5845   5824   0.0  50.0  0.38
04032   142     51.7954  11.1319 19910101 20151231     6636   6483   0.0  32.0  0.49
04036   204     51.3895  11.5414 19950501 20151231     7550   7397   0.0  30.0  0.47
04038    27     53.7276   9.9071 19470101 19770630    11108  11107   0.0  38.0  0.61
04039    13     53.7331   9.8776 19741201 20151231    14119   9264   0.0  29.0  0.54
04053   407     47.7458   9.0007 19530101 19961231    15735  15735   0.0  46.0  0.46
04063    41     52.4461   8.5906 19510101 20151231    23741  23572   0.0  35.0  0.42
04066   553     47.9091  11.1048 19861101 19990131     4293   4293   0.0  33.0  0.92
04077   114     48.8471   8.1869 19370101 19390731      942    942   0.0  10.0  0.22
04079   200     51.1765  11.4183 19470101 20050630    12600   5660   0.0  25.0  0.61
04091  1640     47.7327  12.6827 19620701 19980630    13055  13055   0.0 375.0 43.34
04094   440     47.8062   9.6206 19460101 20151231    24167  23408   0.0  50.0  0.81
04100   109     51.6243   7.1820 19540101 19731231     7305   7305   0.0  30.0  0.37
04104   365     49.0424  12.1021 19470101 20151231    25202  25041   0.0  35.0  1.02
04125   470     47.7238  12.8740 19450101 20061130    21489  21488   0.0  86.0  3.63
04149   764     50.5602  13.2222 19470101 19621231     5844   5844   0.0 130.0  7.85
04152   760     47.6783   8.1527 19710101 19771231     2557   2557   0.0  69.0  2.56
04154   345     51.1800   7.2505 20110201 20151231     1795   1271   0.0  15.0  0.30
04156     8     54.2878   9.6749 19731001 19980228     8917   8917   0.0  60.0  0.63
04160   478     48.7425   8.9240 20040701 20151231     4201   4032   0.0  30.0  0.94
04166   360     48.5051   9.1833 19880501 20021231     5358   5358   0.0  23.0  0.21
04169   131     48.6703   7.9939 19580101 20151231    21184  21031   0.0  38.0  0.32
04174    40     52.2887   7.3866 20000701 20151231     5649   4928   0.0  50.0  0.18
04175   282     47.5590   7.7721 19530901 20141231    22402  22401   0.0  42.0  0.33
04177   116     48.9726   8.3302 19480101 20151231    16313  16313   0.0  50.0  0.38
04189   533     48.1479   9.4596 20040801 20151231     4170   4017   0.0  30.0  0.80
04222   464     50.5263  12.4091 19910101 20060131     5510   5510   0.0  50.0  2.13
04233   397     50.3833   9.5167 19360403 19531130     6451   6451   0.0  66.0  1.81
04240   440     50.6407   6.2058 19480101 19920930    16223  16223   0.0  65.0  1.15
04261   444     47.8752  12.1279 19500101 20151231    24076  23922   0.0  62.0  1.42
04271     4     54.1802  12.0805 19470101 20151231    25202  23741   0.0  55.0  0.59
04275    32     53.1288   9.3398 19460101 20151231    23758  22236   0.0  50.0  0.51
04278   340     49.2511  11.0934 19510101 20081231    21064  21064   0.0  32.0  0.66
04280   385     49.2164  11.1036 20000701 20151231     5634   4976   0.0  30.0  0.84
04287   415     49.3848  10.1732 19470601 20151231    25051  24898   0.0  40.0  0.84
04288    95     52.1039   8.1809 19510101 19750831     9009   9009   0.0  40.0  0.64
04294   360     48.4704   8.9687 19790701 20021031     8250   8233   0.0  26.0  0.41
04300   588     48.1814   8.6356 19570201 20151231    18929  18776   0.0  52.0  1.14
04301   102     49.8502   7.8710 19470101 20151231    24957  24804   0.0  29.0  0.26
04320    36     54.0934  10.2223 19880601 19920930     1583   1583   0.0  16.0  0.11
04323   461     49.6467   7.8835 19690101 20151231    17166  17011   0.0  41.0  0.82
04327   797     48.8765  13.0490 19530301 19710716     6712   6712   0.0 175.0 12.68
04330   449     48.8026   8.9557 19520101 19800331    10105  10105   0.0  70.0  1.08
04332   235     50.6563  11.3894 19470501 19591231     4628      0 -99.0 -99.0-99.00
04336   320     49.2128   7.1077 19510101 20151231    23741  23741   0.0  35.0  0.42
04339   193     49.2231   7.0168 19480101 20010331    19449  19419   0.0  24.0  0.22
04349   248     48.9569   9.0710 19871101 20151231    10288  10134   0.0  28.0  0.29
04354   456     48.7832  13.3145 19850901 20151231    11049  10896   0.0 140.0  4.56
04364   138     52.0355  10.3054 19650101 19991231    12753  12753   0.0  41.0  0.62
04367   175     52.0780   9.5520 19920401 20061231     5388   5388   0.0  17.0  0.30
04371   135     52.1042   8.7521 19350101 20151231    27759  26370   0.0  48.0  0.58
04373    23     52.8568  11.1430 19470101 19661231     7305   5844   0.0  29.0  0.56
04377   510     50.3519  10.0032 19650101 20151231    18627  18473   0.0  70.0  2.18
04393     5     54.3279   8.6030 19510101 20151231    23741  23722   0.0  60.0  0.45
04396   400     49.4672   7.2036 19510101 19601231     3653   2992   0.0  40.0  0.97
04397   400     49.5025   7.2020 19780201 20051231    10196  10196   0.0  41.0  0.85
04401    81     51.6334   8.1872 19500101 19800630    11139  11139   0.0  50.0  0.27
04411   155     49.9195   8.9671 19791201 20151231    13119  12966   0.0  22.0  0.32
04419   212     47.9556   7.7134 19470101 20041231    21185  21185   0.0  40.0  0.22
04425   569     49.4864   7.0290 19510101 19651231     5479   5479   0.0  61.0  1.61
04433   519     48.1994   9.7700 19870101 20041231     6575   6575   0.0  22.0  0.42
04436   314     50.8166   9.8460 19470101 19511231     1826   1790   0.0  32.0  0.76
04438   317     49.9750  11.0395 19921201 20061231     5144   5144   0.0  25.0  0.37
04442   155     51.9119   9.1533 19810101 20071231     9861   9861   0.0  30.0  0.61
04445   609     51.7658  10.6533 19470101 20151231    25141  22612   0.0 160.0  9.97
04464   501     50.5679  11.8041 19890801 20151231     9642   4481   0.0  42.0  1.96
04466    43     54.5275   9.5486 19470101 20151231    25202  25202   0.0  70.0  0.74
04468    19     54.5227   9.5649 19530101 19730731     7517   7517   0.0  32.0  0.88
04474   170     49.7961   7.7583 19540101 19731231     7305   7305   0.0  21.0  0.37
04479   375     50.3849   9.5358 19540101 19850930    11596  11596   0.0  68.0  1.61
04480   230     50.3447   9.5534 19851001 20151231    10684  10529   0.0  43.0  0.49
04484    45     53.6615  10.2543 19610101 19710331     3742   3742   0.0  37.0  1.20
04485   296     50.7252  10.4540 20050201 20151231     3986   3833   0.0  33.0  0.90
04489   198     51.8833  10.7667 19470101 19621231     5844      0 -99.0 -99.0-99.00
04490   223     49.4220   6.8396 19660101 20021231    13514  13514   0.0  28.0  0.36
04501   937     50.6546  10.7693 19471101 20151231    17769  11230   0.0 183.0 20.25
04505   708     50.5000  12.4500 19470101 19870131    14626  14621   0.0 189.0  6.76
04508   649     50.2968   6.4194 19530101 20151231    22857  22700   0.0 103.0  3.13
04548   609     50.2046  12.1435 20070701 20151231     3106   2953   0.0  80.0  3.34
04557   400     47.6463   7.8439 19530101 20021031    18201  18201   0.0  54.0  1.03
04559   399     49.1646  12.6176 19960501 20151231     7184   7031   0.0  27.0  0.76
04560   265     50.4927   9.1228 19490101 20151231    24348  24150   0.0  46.0  0.99
04571   504     51.8369  10.4312 19690601 19970331    10166  10166   0.0 152.0  5.79
04576   343     49.3261  11.0120 19770401 19810731     1583   1583   0.0  19.0  0.73
04581   415     48.7768   9.8025 19510101 20021031    18809  18809   0.0  55.0  0.82
04582   349     49.0817   9.6868 19830401 20010731     6697   6691   0.0  35.0  0.56
04584   444     48.3667  11.8000 19700401 19790531     3348   3348   0.0  32.0  1.10
04586   320     50.1394   8.0627 19910101 19980630     2738   2738   0.0  19.0  0.47
04592   356     49.3278  12.0871 19510101 20151231    23010  22856   0.0  42.0  0.99
04593   117     51.9639  11.1208 19950701 19991130     1614   1614   0.0  19.0  0.50
04605   277     50.6440  11.1937 19910101 20151231     9072   8919   0.0  38.0  0.69
04606   116     51.5167  14.3500 19600101 19801231     7671   7671   0.0  32.0  0.79
04612   418     50.5513  12.7678 19470101 19650630     6756      0 -99.0 -99.0-99.00
04621   240     50.0575  10.2160 19580501 20031231    16681  16681   0.0  28.0  0.51
04625    59     53.6425  11.3872 18900101 20151231    43767  38178   0.0  45.0  0.57
04629    37     54.5166   9.1420 19740701 19991130     9284   9284   0.0  66.0  0.70
04642    21     52.8911  11.7297 19761001 20151231    14336  14244   0.0  38.0  0.53
04649   214     50.8698   7.3228 19470101 19560531     3439   3439   0.0  56.0  0.60
04651   186     51.9044  10.1888 19370101 20151231    28064  27894   0.0  65.0  1.29
04656    49     53.9278  10.2993 19510101 19730630     8217   8217   0.0  31.0  0.81
04664   611     50.1969  12.1727 19410101 20000630    20608  20608   0.0  82.0  3.12
04692   229     50.8534   7.9966 19370101 20151231    26968  24743   0.0  52.0  0.89
04702   645     48.1000   9.2500 20000702 20071101     2437   1503   0.0  34.0  1.03
04703   580     48.0719   9.1942 19510101 20151231    23254  23039   0.0  60.0  1.56
04704   507     47.5776   9.7404 19880501 20151231    10106   9953   0.0  59.0  1.61
04705   819     49.7595  12.3891 19470101 19531210     2536   2536   0.0 132.0  8.65
04706   360     48.2719  13.0273 19810101 20151231    12783  12628   0.0  44.0  0.81
04709   445     49.9996   7.5981 19480101 20151231    24472  24165   0.0  33.0  0.67
04719   169     49.2447   8.8787 19980101 20070828     3497     33   0.0   0.0  0.00
04729   342     50.2882   9.4583 19890701 20040229     5145   5145   0.0  38.0  0.68
04741   154     51.1398   7.0934 19360101 20021231    24366  24303   0.0  54.0  0.74
04745    76     52.9604   9.7931 19470721 20151231    25001  21786   0.0  53.0  0.66
04748   216     51.3520  10.9059 19470101 20101231    18117  11126   0.0  45.0  0.49
04752   626     50.3746  11.1828 19510101 20080630    21000  14151   0.0 107.0  5.72
04763   265     51.0607   9.9266 19610101 20151231    18138  17964   0.0  47.0  1.02
04765   199     51.2801   9.9849 19510101 19801231    10958  10958   0.0  36.0  0.77
04775   424     49.7858  11.8211 19520101 19651231     5114   5114   0.0  42.0  1.60
04782    87     51.6040  12.1093 19910101 19911231      365    365   0.0  16.0  0.39
04818   598     50.1531  11.7403 19640401 20001231    13424  13424   0.0 100.0  3.94
04837   363     47.9869   7.9466 19851201 19900930     1765   1765   0.0  43.0  0.93
04841     1     53.6946   8.8735 19981001 20151231     6301   6148   0.0  28.0  0.22
04847   500     51.3629   9.6902 19700101 19751231     2191   2183   0.0  81.0  3.16
04857     1     53.5527   9.6094 19901101 20151231     9161   9008   0.0  30.0  0.25
04878   494     51.6681  10.8823 19470101 20131210    15288  12731   0.0  87.0  4.23
04881   532     47.8591   9.0154 19771001 19940731     6056   6056   0.0  46.0  0.97
04887   734     48.6657   9.8646 19470101 20151231    25202  25202   0.0 115.0  3.67
04896    40     54.6654   9.8050 19741201 20151231    14335  14181   0.0  76.0  0.79
04911   350     48.8275  12.5598 19510101 20151231    23741  16091   0.0  40.0  1.05
04926   224     48.7896   9.2167 19460101 20130513    14288  14288   0.0  40.0  0.26
04927   286     48.7693   9.1814 19510101 19840731    12266  12266   0.0  48.0  0.39
04928   314     48.8282   9.2000 19580101 20151231    21184  16994   0.0  52.0  0.47
04931   371     48.6883   9.2235 19530101 20151231    23010  23010   0.0  50.0  0.55
04933   401     48.7091   9.2147 19000101 19770630    28244  16149   0.0  57.0  1.08
04939   235     51.7333  11.1167 19470101 19581231     4383      0 -99.0 -99.0-99.00
04977    45     52.5447  11.9724 19930101 20020430     3407   3407   0.0  16.0  0.25
04978   395     50.6390  10.0228 19860101 20151231    10196  10039   0.0  30.0  0.87
04987   179     49.6122   9.6747 19860501 20040630     6636   6636   0.0  25.0  0.20
04997   193     50.9777  12.3432 19941001 20151231     7762   7609   0.0  34.0  0.56
05009    38     53.7610  12.5574 19470101 20151231    25187  22640   0.0  51.0  0.79
05014     7     53.2758   8.9857 19520101 20151231    23133  22978   0.0  66.0  0.34
05017   633     50.4002  11.3889 19480101 20151231    24717  24564   0.0  98.0  4.03
05024    61     52.2333  12.0500 19470101 19501231     1461      0 -99.0 -99.0-99.00
05029   386     49.4738   7.0386 19750601 20151231    14814  11308   0.0  55.0  0.93
05032   195     49.8850   9.8463 19860501 20031231     6454   6454   0.0  17.0  0.14
05039   236     50.8430  10.1613 19910101 19981231     2922   2922   0.0  18.0  0.32
05046   500     49.8578  12.3541 19670101 20151231    15767  15614   0.0  53.0  1.82
05064    37     51.2898   6.4443 19540101 20151231    22431  22225   0.0  40.0  0.19
05067   491     51.7643   9.5628 19370101 19660930    10804  10804   0.0  74.0  4.17
05068    80     51.5833  13.0000 19470101 19901231    16071  12419   0.0  51.0  0.76
05074   626     47.8663  12.6566 19360101 19601231     9041   9041   0.0 123.0  5.12
05075   635     47.8516  12.6182 19711001 20040630    11959  11959   0.0 100.0  3.62
05078     2     53.9619  10.8892 19400101 20010930    22189  22097   0.0  45.0  0.61
05088     3     54.5337  13.2460 19910101 20001231     3653   3653   0.0  17.0  0.20
05097    10     54.0661  12.7675 19910101 20151231     9131   8978   0.0  46.0  0.63
05099   132     49.7326   6.6131 19070501 20151231    31808  23141   0.0  21.0  0.23
05100   265     49.7479   6.6582 19480101 20151231    24837  24779   0.0  27.0  0.33
05105   700     48.3132   9.2472 19470101 19730228     9556   9556   0.0  60.0  2.63
05107   769     48.2813   9.3136 19880601 20031231     5692   5692   0.0  50.0  1.51
05109    69     53.5997  13.3039 20000701 20151231     5624   4481   0.0  40.0  0.84
05111   559     48.0310  12.5396 19450101 20151231    25929  25766   0.0  49.0  1.48
05120   370     48.5198   9.0515 19500101 19820430    11808  11808   0.0  50.0  0.75
05127   649     48.0083   8.8179 19910201 20031231     4717   4717   0.0  40.0  0.95
05128   675     47.9552   8.7565 19810601 19901231     3501   3501   0.0  44.0  2.25
05133   295     51.3343   8.9132 19980601 20151231     6423   6241   0.0  30.0  0.64
05138   446     47.7713   9.1562 19460101 20031231    20880  17759   0.0  40.0  0.55
05142     1     53.7444  14.0697 19470101 20151231    25200  16390   0.0  62.0  0.93
05146    50     52.9414  10.5289 19510101 20151231    20911  20757   0.0  66.0  0.61
05149   308     49.5742  10.1916 19510301 20151231    18872  18702   0.0  43.0  0.82
05155   567     48.3837   9.9524 19440101 20140831    25126  21122   0.0  45.0  1.28
05158   162     52.1601  11.1759 19871201 20151231    10231   2662   0.0  58.0  1.33
05165    95     52.8499  10.2898 19480201 20061231    21519  21519   0.0  49.0  0.75
05185   291     49.5933  11.0704 19711101 20061231    12845  12845   0.0  37.0  0.82
05229   720     48.0453   8.4608 19470101 20151231    25202  25049   0.0  95.0  2.80
05236    51     52.8318   8.3112 19590101 19791231     7670   7670   0.0  40.0  0.59
05244   220     49.2581   6.8612 19610101 19820228     7608   7608   0.0  25.0  0.26
05250   223     48.0908   7.6353 19360101 20031231    23346  23316   0.0  44.0  0.27
05252   100     52.1030   9.5845 19470101 19571231     4018   4018   0.0  22.0  0.43
05267    86     52.0722  11.0222 19630601 19751231     4597      0 -99.0 -99.0-99.00
05275   105     49.2447   8.5373 19851001 20151231    11049  10866   0.0  18.0  0.21
05277   349     50.8113   9.1275 19980101 20090630     4117      1   0.0   0.0  0.00
05279   176     51.6184   9.5761 19510101 20151231    22130  21921   0.0  33.0  0.62
05280    35     53.9223  10.2268 19810401 20151231    12693  12540   0.0  44.0  0.60
05282   246     51.1197  13.6744 19170101 19740630    21000  21000   0.0  43.0  1.08
05284   224     48.8279   9.3228 19780101 19911231     5113   5113   0.0  37.0  0.36
05291  1005     47.9760   8.1558 19480101 19611231     5114   5114   0.0 195.0 12.08
05296   376     51.2070   9.0658 19470101 19890430    15461  15461   0.0  45.0  1.08
05300   380     50.2596   8.3607 19510101 20151231    21733  21579   0.0  49.0  0.91
05306   940     48.9293  13.4641 19711201 20031231    11719  11719   0.0 177.0 16.58
05317   509     50.0097  12.2979 19490101 19571231     3287   3287   0.0  42.0  1.15
05320   330     47.6172   8.2388 19530101 19910630    14060  14060   0.0  54.0  0.68
05335   348     50.8963  10.5484 19910101 20151231     6604   6449   0.0  41.0  0.73
05344     3     53.7870   7.9066 19410301 20061231    23955  23954   0.0  50.0  0.27
05347   236     51.5040   9.1118 19980101 20151231     6555   2370   0.0  16.0  0.43
05349    73     53.5196  12.6654 19470101 20151231    24343  11347   0.0  49.0  0.94
05361   270     50.6271   9.4420 19490101 20051231    20819  20819   0.0  40.0  0.51
05369   443     48.0572  12.2202 19490101 19931231    16068  16068   0.0  51.0  1.82
05371   921     50.4973   9.9428 19360101 20151231    26512  26512   0.0 147.0  6.65
05377  1923     47.5714  12.9337 19480101 19530930     2100   2100   0.0 340.0 53.16
05397   440     49.6663  12.1845 19470101 20151231    25202  24467   0.0  42.0  1.37
05398   425     49.1965  10.6487 19480101 19710630     8582   8582   0.0  40.0  1.23
05403   309     49.5900  10.2588 19911101 20041231     4810   4810   0.0  27.0  0.30
05404   477     48.4022  11.6944 19310101 20141231    29274  21489   0.0  70.0  1.48
05419   264     50.9744  11.3080 19510101 20070630    20635  11048   0.0  30.0  0.77
05424   325     51.0176  11.3544 19910101 20151231     3167   3014   0.0  43.0  0.94
05426   553     49.3758   8.1213 19530101 20151231    20515  19356   0.0  47.0  0.97
05429   219     49.1512   9.2920 19530101 19840630    11504  11504   0.0  40.0  0.44
05431    24     53.0333  11.8000 19470101 19760930    10866   9405   0.0  29.0  0.69
05433   380     49.5534   6.8120 19570101 20151231    21458  21305   0.0  56.0  0.71
05434   317     50.0858  11.2364 19510101 19920531    15127  15127   0.0  39.0  1.10
05435   455     48.8459   8.9079 19810101 20031231     8400   8400   0.0  35.0  0.62
05440   439     49.0114  10.9319 19360101 20151231    28840  28648   0.0  57.0  0.90
05442   115     51.2165  11.9710 19910101 20051231     5479   5479   0.0  27.0  0.31
05445   165     51.2120  10.9956 19910101 20071231     6119   6119   0.0  19.0  0.24
05453   173     48.1880   7.6977 19920601 20031231     4231   4231   0.0  14.0  0.12
05460   655     48.1477   8.6954 19781201 19840731     2070   2070   0.0  67.0  3.83
05463    58     52.0654  14.6898 19941201 20000131     1431   1431   0.0  10.0  0.29
05467  1832     47.7035  12.0119 19510101 20120920    22544  22397   0.0 450.0 42.55
05480    85     51.5765   7.8880 20030910 20151231     4496   1497   0.0  13.0  0.36
05488   216     49.9622  10.0482 19490101 19860331    13239  13239   0.0  29.0  0.66
05490   234     51.8454  10.7686 19470101 20151231    25189  12736   0.0  59.0  1.24
05498   140     49.7667   9.5428 19470710 20041130    20964  20964   0.0  37.0  0.45
05514     3     54.8991   8.3123 19360101 19611231     8767   8381   0.0  42.0  0.34
05516     3     54.5284  11.0605 19480101 20151231    24775  21416   0.0  64.0  0.50
05538   550     47.8827  11.1576 19990201 20151231     6178   6025   0.0  44.0  1.10
05541   263     50.1320   8.3170 19870601 20151231    10441  10247   0.0  38.0  0.43
05543   235     50.0863   8.1872 19600101 19860731     9709   9709   0.0  35.0  0.73
05546   187     52.1207  12.4585 19860601 20151231    10806   6586   0.0  44.0  1.08
05559   385     48.7848   8.5764 19490101 20010630    19174  18048   0.0  77.0  1.40
05562   570     48.6516   8.6801 19950401 20151231     6271   6118   0.0  35.0  1.10
05568   310     51.1056   9.1081 19470101 20010331    18535  18473   0.0  37.0  0.98
05575     1     53.5901   8.1060 19530101 19980630    16617  16617   0.0  60.0  0.38
05609   240     48.8031   9.4699 19940801 20020331     2800   2800   0.0  18.0  0.22
05624    13     53.9026  11.4254 19470101 19501231     1461   1461   0.0  12.0  0.23
05629   105     51.8892  12.6445 19470101 20151231    25202  21488   0.0  48.0  0.88
05640     8     53.5504   7.6672 20000701 20151231     5662   5286   0.0 134.0  0.30
05642    72     53.1833  12.5167 20000702 20010928      371    119   0.0   0.0  0.00
05643    66     53.1864  12.4949 19940301 20151231     7976   7823   0.0  39.0  0.56
05644   133     51.3493   9.8438 19480101 19990831    18780  18780   0.0  40.0  0.56
05654   464     49.2178  10.2296 19480701 20071231    21733  21733   0.0  60.0  1.91
05663   118     53.4618  13.6099 19790101 19901231     4383    668   0.0  45.0  4.38
05664   291     48.2953   8.2391 19580101 20151231    21184  21031   0.0  55.0  0.77
05675    56     52.4411  10.7587 19610101 19810331     7395   7395   0.0  40.0  0.69
05676    82     52.3961  10.6898 19810401 20151231    12693  12540   0.0  38.0  0.44
05681   200     49.5811   7.6234 19810901 19981231     6331   6331   0.0  22.0  0.27
05692    88     49.6051   8.3659 19360101 20151231    24532  24378   0.0  28.0  0.24
05703   170     49.7964   9.8949 19510101 19860131    12725  12725   0.0  25.0  0.46
05705   268     49.7703   9.9577 19470101 20151231    25202  25202   0.0  26.0  0.43
05707   175     49.7995   9.9280 19010101 19530131    10942   6422   0.0  39.0  0.72
05715    57     52.4605   9.4311 20000701 20151231     5660   5061   0.0  69.0  0.32
05717   130     51.2248   7.1053 19370101 20151231    27028  26875   0.0  40.0  0.38
05719   235     51.2051   7.2000 20041001 20091210     1897   1861   0.0  43.0  0.60
05728    35     52.8039  12.8714 19520401 19811231    10867   4382   0.0  30.0  0.90
05731   398     47.6780   8.3799 19610101 20151231    20057  19900   0.0  62.0  0.57
05732     8     54.6928   8.5271 18870701 20030630    40786  39895   0.0  35.0  0.24
05745    51     52.9664  13.3268 19480701 20151231    24587  19543   0.0  46.0  0.70
05750   170     51.0314  12.1495 19520901 20151231    23101  22942   0.0  36.0  0.72
05761    69     51.9642  12.0996 19031101 19801231    23893  23855   0.0 181.0  0.59
05778     2     54.0801  13.8989 19910101 20040731     4961   4953   0.0  35.0  0.46
05779   877     50.7314  13.7516 19710101 20151231    16436  16422   0.0 163.0 12.38
05792  2964     47.4209  10.9847 19000801 20151231    42050  39178   0.0 780.0168.44
05797   353     50.6880  12.4328 19950101 20151231     7305   7152   0.0  39.0  1.01
05800   615     49.0280  13.2385 19980101 20151231     6489   1556   0.0  86.0  9.53
05802   615     49.0007  13.2137 19480101 20030930    20362  20362   0.0  96.0  5.39
05821    36     52.8482   8.7190 19610101 19761231     5844   5844   0.0  47.0  0.57
05825    40     52.6198  12.7867 19910101 20151231     9131   8978   0.0  25.0  0.40
05832    50     53.1007  11.0455 19460101 19541130     3256   3256   0.0  13.0  0.29
05839    -0     53.3881   7.2287 19970701 20151231     6758   6305   0.0  25.0  0.19
05856   476     48.5451  13.3531 19970103 20151231     6937   6785   0.0  82.0  1.90
05871   497     49.9462   7.2645 19981101 20151231     6270   6219   0.0  39.0  0.82
05885   289     48.6582   9.4203 19510101 19770531     9648   9648   0.0  52.0  0.55
05890   850     47.6777  11.0473 19510101 19910731    14822  14822   0.0 120.0  7.59
05904   431     48.6493  11.7772 19780501 20050131     7492   7492   0.0  41.0  0.73
05906    96     49.5090   8.5541 19360101 20151231    26298  25690   0.0  30.0  0.29
05912   254     51.1318   9.5189 19500101 20031231    19723  18993   0.0  32.0  0.51
05920    91     50.4485   7.4275 19500101 19970731    17198  17198   0.0  45.0  0.39
05930     2     54.6410  10.0238 19980101 20151231     6572   1533   0.0  50.0  1.15
05941   685     47.6752  12.4696 19450101 20151231    24550  24397   0.0 221.0 16.82
05971   510     48.8787   9.6342 19510101 19630228     4442   4442   0.0  70.0  2.54
06086    71     52.7786  13.7590 19971201 20000630      943    943   0.0  12.0  0.25
06093    62     53.2139  10.4704 19980201 20151231     5508   5354   0.0  35.0  0.60
06095   273     51.0838  13.4486 19980501 19990930      518    518   0.0  19.0  0.54
06105    14     54.3194   9.8051 19980601 20151231     6423   6267   0.0  32.0  0.41
06109    50     53.3837  14.3728 19981001 20151231     6301   6148   0.0  36.0  0.83
06110    11     53.8542  13.4949 19980901 20040831     2192   2192   0.0  11.0  0.19
06112     2     54.2670  13.1430 19981001 20000131      488    488   0.0  11.0  0.30
06129   290     51.0594  14.4262 19990501 20151231     6089   5936   0.0  49.0  1.99
06157     8     53.6409   8.0810 19990201 20151231     6055   5842   0.0  19.0  0.16
06158   455     49.2247  10.6084 19990701 20151231     6028   5843   0.0  28.0  0.79
06159     8     52.9542   7.3196 19590301 20151231    20730  20565   0.0  36.0  0.30
06163    26     54.1654  10.3519 19991004 20151231     5931   1857   0.0  28.0  1.16
06170    40     52.0192  14.7254 20000201 20151231     5813   5660   0.0  42.0  0.83
06182   404     48.7757  12.1743 20000401 20120326     4378   4290   0.0  34.0  0.83
06184     6     53.5333   8.1667 20000701 20090615     3059    468   0.0   0.0  0.00
06186   268     50.1988   7.8647 20000401 20151231     5753   5598   0.0  25.0  0.36
06196   610     50.1587  12.0386 20000901 20011130      456    456   0.0  12.0  0.58
06197   258     51.8664   9.2709 20001011 20151231     5560   1537   0.0  34.0  1.41
06199    16     54.2484  13.0418 20000801 20151231     5631   5478   0.0  60.0  0.77
06217   190     49.2406   6.9351 20010401 20151231    10775   5235   0.0  21.0  0.15
06219   394     48.8768  11.1043 20010701 20011031      123    123   0.0   0.0  0.00
06258   459     47.6845   9.4409 20030101 20151231     4748   4595   0.0  35.0  0.65
06259   523     49.0210   9.6032 20040601 20151231     4231   4078   0.0  51.0  1.73
06260   385     49.3325   9.7039 20021201 20151231     4779   4626   0.0  36.0  0.78
06262   413     48.7695   9.8737 20021101 20151231     4809   4651   0.0  38.0  0.93
06263   445     47.7738   8.8218 20040701 20151231     4201   4048   0.0  40.0  0.37
06264   457     51.4143   8.6498 20040601 20151231     4231   4078   0.0  36.0  1.02
06265    36     52.3613  12.3867 20040501 20151231     4262   4109   0.0  34.0  0.59
06266   112     52.0305  10.9625 20040901 20151231     4139   3969   0.0  22.0  0.41
06272   283     50.8426  10.2518 20041001 20151231     4109   3956   0.0  34.0  0.63
06273    36     52.5072  11.8549 20040601 20151231     4231   4074   0.0  25.0  0.45
06275   325     48.6705   9.4627 20040701 20151231     4201   4048   0.0  22.0  0.52
06304   550     49.3533  11.5053 20021001 20061231     1553   1553   0.0  45.0  2.88
06305   190     51.2065  10.4948 20041201 20151231     4048   3895   0.0  26.0  0.60
06310     1     54.1049  13.8239 20040801 20151231     4170   4016   0.0  46.0  1.02
06312   362     49.5314  10.6418 20041101 20151231     4078   3766   0.0  35.0  0.78
06314   308     51.0507  13.3008 19490201 20151231    16557  16369   0.0  58.0  1.34
06336   285     50.0133   9.6539 20051101 20151231     3713   3560   0.0  40.0  0.66
06337    59     51.7663   7.5193 20040801 20151231     4170   4017   0.0  24.0  0.24
06344   168     50.3940   8.1423 20041201 20151231     4048   3859   0.0  26.0  0.28
06346   530     48.2070  11.2035 20050201 20151231     3986   3833   0.0  55.0  1.03
06347   304     50.0578  10.2974 20050301 20151231     3958   3800   0.0  22.0  0.42
07075   425     48.7021  11.8494 20050201 20151231     3986   3833   0.0  34.0  0.99
07099   187     52.0111  10.3966 20041101 20151231     4078   2911   0.0  29.0  0.66
07105   721     47.8349  12.6549 20050601 20151231     3866   3713   0.0 104.0  5.47
07106   105     52.0714   8.4565 20060901 20151231     3409   3023   0.0  44.0  0.45
07187   193     49.7636   9.4053 20041201 20151231     4048   3895   0.0  26.0  0.38
07244    62     53.1424  13.0319 19670101 20040930    13784   7814   0.0  56.0  1.06
07298     5     54.5268   9.0425 20050701 20151231     3836   3683   0.0  25.0  0.41
07319   434     48.7351  10.7415 20050301 20151231     3958   3805   0.0  20.0  0.61
07321   160     51.1509  11.3319 20050901 20151231     3774   3591   0.0  16.0  0.30
07329   465     50.5457  12.2852 20051101 20151231     3713   3560   0.0  78.0  2.43
07330   159     51.4634   7.9780 20051001 20151231     3739   1800   0.0  12.0  0.13
07331   468     48.6099  10.2674 20050901 20151231     3774   3547   0.0  25.0  0.79
07341   119     50.0900   8.7862 20050715 20151231     3820   1702   0.0  18.0  0.32
07343   688     50.6199  13.4816 20060401 20151231     3562   3409   0.0  96.0  7.18
07350   588     49.1087  12.8231 20060801 20151231     3440   3251   0.0  41.0  1.83
07351   115     53.3175  13.4175 20050908 20151231     3767   1558   0.0  57.0  1.70
07364    74     51.6820  12.3042 20070101 20151231     3287   3134   0.0  30.0  0.69
07367   144     51.9644   9.8072 20071201 20151231     2953   1919   0.0  19.0  0.64
07368   312     51.0007  10.3621 20071101 20151231     2983   1948   0.0  28.0  0.93
07369   475     49.1623  10.3662 20071101 20151231     2983   1960   0.0  22.0  0.88
07370   499     49.3909  12.6838 20061211 20151231     3308   1854   0.0  46.0  1.84
07373     3     53.5984   6.7024 20060301 20151231     3593   3440   0.0  28.0  0.20
07374    46     52.0814   6.9410 20060301 20151231     3593   1505   0.0  14.0  0.32
07389    82     52.7461  13.8427 20061201 20151231     3318   3165   0.0  38.0  1.02
07393   116     51.4493  14.2533 20100101 20151231     2191   1412   0.0  19.0  1.02
07394   622     50.0315  11.9745 20060601 20151231     3501   1584   0.0  76.0  4.89
07395   350     48.6596  12.5388 20071201 20151231     2953   1921   0.0  32.0  0.87
07396   743     50.5084   9.2247 20080501 20151231     2801   1614   0.0  64.0  4.42
07403   672     47.7955  10.0324 20070401 20151231     3190   1572   0.0  43.0  3.77
07410   350     50.7519   9.0226 20110201 20151231     1795   1154   0.0  13.0  0.27
07412   340     50.0083   9.4239 20061001 20151231     3379   2337   0.0  36.0  1.01
07419   390     50.6610  12.0757 20061201 20151231     3318   3165   0.0  47.0  1.45
07420   246     51.1044  11.7112 20070401 20151231     3197   2435   0.0  38.0  0.88
07424   458     47.7724  12.9073 20061201 20151231     3318   3165   0.0  40.0  1.19
07427    17     54.0188   9.9255 20070901 20151231     3044   2891   0.0  22.0  0.62
07428   397     50.4166  10.8156 20070501 20151231     3167   3014   0.0  39.0  1.53
07431   604     48.0130  11.5524 20071101 20151231     2983   2830   0.0  35.0  1.59
07432    72     52.6425  10.6631 20070501 20151231     3167   3014   0.0  23.0  0.55
13670    25     51.5088   6.7018 20070601 20151231     3136   1969   0.0  28.0  0.29
13674   237     49.2942   8.9054 20070801 20151231     3075   1537   0.0  25.0  0.71
13675    77     52.0817   9.4072 20071101 20151231     2983   2829   0.0  26.0  0.47
13696    68     51.5968   7.4048 20071201 20151231     2953   2800   0.0  28.0  0.31
13700   205     51.3329   7.3411 20080501 20151231     2801   2648   0.0  27.0  0.56
13710   490     48.5734  12.2574 20080401 20151231     2831   2678   0.0  44.0  1.21
13711   280     50.6813  11.5150 20071201 20151231     2953   2762   0.0  37.0  0.80
13713   380     51.0899   7.6289 20071101 20151231     2983   2824   0.0  75.0  1.78
13776    85     52.1789   9.9524 20080301 20101231     1036    327   0.0   0.0  0.00
13777   110     52.2467  10.9592 20080601 20151231     2770   2617   0.0  34.0  0.63
13904     3     55.0000   6.3333 20080928 20081230       82      0 -99.0 -99.0-99.00
14311   530     50.1505   6.5526 19610101 20051231    16436  16436   0.0  45.0  1.55
15000   231     50.7982   6.0244 20110401 20151231     1736   1667   0.0  15.0  0.19
15207   317     51.2835   9.3590 20131101 20151231      791    583   0.0  10.0  0.16
15444   593     48.4418   9.9216 20140901 20151231      487    335   0.0  22.0  1.64
15526    29     53.5467   9.9716 18910101 19351231    16435     17   0.0   7.0  2.00
