DWD - stnlist info sorted
                         
AJ_Kettle  20171010
                                        
N_stns     1059
                                        
Stnum St_date  En_date  Hght_m   Lat_deg  Lon_deg  N_lines 
+---+ +------+ +------+ +------+ +------+ +------+ +------+
01185 20010319 20021117     0     54.0000   8.1167       15
13904 20080928 20081230     3     55.0000   6.3333       82
00429 19861001 19870131    32     52.5667  13.1694      123
06219 20010701 20011031   394     48.8768  11.1043      123
01246 20150801 20151231   104     51.8418   8.0607      153
01552 19951101 19960430    13     53.2066  14.3817      182
03113 19910101 19910731   528     50.7663  10.7201      212
00093 19771201 19781031   269     50.7691   9.2542      335
00335 19761201 19771031     4     54.3426  10.6018      335
04782 19910101 19911231    87     51.6040  12.1093      365
05642 20000702 20010928    72     53.1833  12.5167      371
00643 19931101 19941231     0     53.2960   8.4529      426
02770 19730701 19740831    35     53.9015  10.2359      427
06196 20000901 20011130   610     50.1587  12.0386      456
15444 20140901 20151231   593     48.4418   9.9216      487
02000 19950601 19960930   106     50.1205   8.9243      488
06112 19981001 20000131     2     54.2670  13.1430      488
06095 19980501 19990930   273     51.0838  13.4486      518
02318 19980801 20000131   397     50.2182   7.9133      549
03082 19730101 19741231    56     51.9333  13.8833      730
02302 19910101 19921231   317     50.9632  11.4847      731
01146 19850701 19870731   487     48.6593   8.9121      761
01515 20000702 20030915   519     48.2000  11.2667      780
15207 20131101 20151231   317     51.2835   9.3590      791
03245 20000701 20021120   630     47.9833  10.2333      852
04077 19370101 19390731   114     48.8471   8.1869      942
06086 19971201 20000630    71     52.7786  13.7590      943
01341 20081201 20110928     0     54.6000  11.1500      971
00879 20000701 20030331    68     51.7667  14.2833      995
02703 19980101 20001010   496     51.8550   9.3239     1008
00793 19920101 19941031   530     49.6620   7.1098     1035
13776 20080301 20101231    85     52.1789   9.9524     1036
00408 19481201 19511130    35     52.5333  13.3833     1095
03388 19940201 19970131   542     48.0919  11.6486     1096
00061 19750701 19780831   339     48.8443  12.6171     1158
00273 19861201 19900430   467     47.8413   9.6606     1247
03744 19711201 19750630   125     51.6018   9.5383     1308
00405 19510401 19541231    37     52.4500  13.6500     1371
00174 19840301 19871231   250     49.1886   7.9766     1401
05463 19941201 20000131    58     52.0654  14.6898     1431
00948 19470101 19501231    60     51.8512  12.2515     1461
01106 19470101 19501231    45     52.8239  13.7979     1461
01890 19470101 19501231    30     53.7667  12.2167     1461
02396 19470101 19501231   260     51.8667  10.6833     1461
02872 19470101 19501231    15     52.8457   7.3489     1461
03915 19470101 19501231   145     51.9893  13.3608     1461
05024 19470101 19501231    61     52.2333  12.0500     1461
05624 19470101 19501231    13     53.9026  11.4254     1461
00588 19920501 19960731   105     51.7520   9.3953     1553
06304 20021001 20061231   550     49.3533  11.5053     1553
00161 20110901 20151231    75     50.4238   7.4203     1583
04320 19880601 19920930    36     54.0934  10.2223     1583
04576 19770401 19810731   343     49.3261  11.0120     1583
04593 19950701 19991130   117     51.9639  11.1208     1614
01130 20000701 20050131    17     54.6282   9.3648     1620
00606 19500101 19540731   569     48.0791  10.1977     1673
02485 20110501 20151231   489     48.9171   9.6872     1706
15000 20110401 20151231   231     50.7982   6.0244     1736
00221 19850801 19900531   483     48.5515  11.7117     1765
04837 19851201 19900930   363     47.9869   7.9466     1765
04154 20110201 20151231   345     51.1800   7.2505     1795
07410 20110201 20151231   350     50.7519   9.0226     1795
00202 19470101 19511231   110     49.9778   9.1114     1826
04436 19470101 19511231   314     50.8166   9.8460     1826
02338 20000601 20050630    39     52.3333   7.5500     1856
00342 20101201 20151231   103     52.3170   8.1693     1857
00645 19470101 19520131    58     52.4036   7.9724     1857
05719 20041001 20091210   235     51.2051   7.2000     1897
00395 19480701 19531231    38     52.4167  13.4833     2010
05460 19781201 19840731   655     48.1477   8.6954     2070
05377 19480101 19530930  1923     47.5714  12.9337     2100
02502 19510201 19561231   447     51.3176  10.1355     2161
04847 19700101 19751231   500     51.3629   9.6902     2191
07393 20100101 20151231   116     51.4493  14.2533     2191
06110 19980901 20040831    11     53.8542  13.4949     2192
01000 19910701 19970831     3     54.1442  11.8454     2254
01410 19910101 19970331   130     51.3512  11.0958     2282
02609 19740901 19810331    40     53.9587  10.3293     2404
01584 20090601 20151231   672     47.9242   8.6473     2405
03672 19480501 19541231   457     48.6207   8.8962     2436
04702 20000702 20071101   645     48.1000   9.2500     2437
01280 19470401 19531231   280     49.5692  10.9929     2467
01586 19610701 19680430   610     47.8774  12.6279     2496
03246 20000701 20070613   181     50.3667   7.3167     2529
04705 19470101 19531210   819     49.7595  12.3891     2536
02159 19780401 19850331   430     48.5915   8.8541     2557
03867 19500101 19561231     7     53.0643   7.4814     2557
04152 19710101 19771231   760     47.6783   8.1527     2557
03883 19910101 19980131   442     50.5999  11.9966     2588
04586 19910101 19980630   320     50.1394   8.0627     2738
13777 20080601 20151231   110     52.2467  10.9592     2770
00288 19910101 19980831     3     53.8409  13.7549     2800
05609 19940801 20020331   240     48.8031   9.4699     2800
07396 20080501 20151231   743     50.5084   9.2247     2801
13700 20080501 20151231   205     51.3329   7.3411     2801
13710 20080401 20151231   490     48.5734  12.2574     2831
00918 19871001 19950731   122     49.8453   8.6240     2861
01522 19470601 19550331   313     49.4811  10.9640     2861
03571 20080301 20151231   452     49.8174  11.8638     2862
00098 19470101 19541231   780     51.1890   8.4671     2922
01973 19470101 19541231    14     53.5598   9.9874     2922
05039 19910101 19981231   236     50.8430  10.1613     2922
07367 20071201 20151231   144     51.9644   9.8072     2953
07395 20071201 20151231   350     48.6596  12.5388     2953
13696 20071201 20151231    68     51.5968   7.4048     2953
13711 20071201 20151231   280     50.6813  11.5150     2953
03382 19451101 19531231   521     48.1441  11.6000     2983
07368 20071101 20151231   312     51.0007  10.3621     2983
07369 20071101 20151231   475     49.1623  10.3662     2983
07431 20071101 20151231   604     48.0130  11.5524     2983
13675 20071101 20151231    77     52.0817   9.4072     2983
13713 20071101 20151231   380     51.0899   7.6289     2983
07427 20070901 20151231    17     54.0188   9.9255     3044
06184 20000701 20090615     6     53.5333   8.1667     3059
00550 19940501 20020930   344     50.9041  11.7985     3075
13674 20070801 20151231   237     49.2942   8.9054     3075
04548 20070701 20151231   609     50.2046  12.1435     3106
00771 19470101 19551231   148     50.2769   9.1167     3122
13670 20070601 20151231    25     51.5088   6.7018     3136
02575 20070522 20151231   426     49.1804   9.9800     3146
00598 19490101 19570831    62     50.7285   7.0839     3165
05424 19910101 20151231   325     51.0176  11.3544     3167
07428 20070501 20151231   397     50.4166  10.8156     3167
07432 20070501 20151231    72     52.6425  10.6631     3167
00685 19980112 20061101   585     49.9017   9.4281     3185
07403 20070401 20151231   672     47.7955  10.0324     3190
07420 20070401 20151231   246     51.1044  11.7112     3197
05832 19460101 19541130    50     53.1007  11.0455     3256
01073 19360101 19521231   115     49.4686   8.1797     3257
03170 20000703 20100430     5     54.4937  11.2405     3279
02048 19510101 19591231     3     53.6342   9.6038     3287
03007 19470101 19551231    96     49.4111   8.3980     3287
05317 19490101 19571231   509     50.0097  12.2979     3287
07364 20070101 20151231    74     51.6820  12.3042     3287
00422 19560101 19641231    35     52.5333  13.3833     3288
00326 20040701 20130707   120     51.7204   8.0577     3294
07370 20061211 20151231   499     49.3909  12.6838     3308
00983 20061201 20151231   419     48.5562  10.5599     3318
07389 20061201 20151231    82     52.7461  13.8427     3318
07419 20061201 20151231   390     50.6610  12.0757     3318
07424 20061201 20151231   458     47.7724  12.9073     3318
04584 19700401 19790531   444     48.3667  11.8000     3348
07412 20061001 20151231   340     50.0083   9.4239     3379
03317 19750701 19840930    42     53.6128  10.6943     3380
04977 19930101 20020430    45     52.5447  11.9724     3407
03319 20060901 20151231   239     49.7645   9.2531     3409
07106 20060901 20151231   105     52.0714   8.4565     3409
04649 19470101 19560531   214     50.8698   7.3228     3439
03226 20060801 20151231   107     51.7259  11.5111     3440
07350 20060801 20151231   588     49.1087  12.8231     3440
00699 19490101 19580630     4     53.1004   8.7834     3468
04719 19980101 20070828   169     49.2447   8.8787     3497
00652 19490101 19580731   384     49.5353  10.7706     3499
03751 19880601 19971231   626     48.0449   9.8822     3501
05128 19810601 19901231   675     47.9552   8.7565     3501
07394 20060601 20151231   622     50.0315  11.9745     3501
03370 19950401 20041130   300     51.2076  10.3956     3532
01243 19760101 19850930   705     48.4734   9.3028     3561
07343 20060401 20151231   688     50.6199  13.4816     3562
07373 20060301 20151231     3     53.5984   6.7024     3593
07374 20060301 20151231    46     52.0814   6.9410     3593
01986 19780601 19880430     1     53.4699  10.1804     3622
01473 20060101 20151231   436     49.1780  11.3735     3652
02083 19490101 19581231   110     49.4192   8.6051     3652
02187 19530101 19621231   287     49.9281   9.2870     3652
01428 19480101 19571231   230     49.2275   8.0585     3653
02160 19910101 20001231   360     50.8444  10.6904     3653
02821 19480101 19571231   214     51.9603  10.0157     3653
03076 19470101 19561231    95     49.4606   8.4246     3653
04396 19510101 19601231   400     49.4672   7.2036     3653
05088 19910101 20001231     3     54.5337  13.2460     3653
03519 19931201 20031231   663     47.9519   8.9932     3683
06336 20051101 20151231   285     50.0133   9.6539     3713
07329 20051101 20151231   465     50.5457  12.2852     3713
07330 20051001 20151231   159     51.4634   7.9780     3739
04484 19610101 19710331    45     53.6615  10.2543     3742
07351 20050908 20151231   115     53.3175  13.4175     3767
03925 20050901 20151231   333     48.9318   8.6959     3774
07321 20050901 20151231   160     51.1509  11.3319     3774
07331 20050901 20151231   468     48.6099  10.2674     3774
07341 20050715 20151231   119     50.0900   8.7862     3820
07298 20050701 20151231     5     54.5268   9.0425     3836
00177 19470501 19571031   418     49.3158  10.5815     3837
07105 20050601 20151231   721     47.8349  12.6549     3866
02451 19910101 20010831    77     51.7954  12.9583     3896
06347 20050301 20151231   304     50.0578  10.2974     3958
07319 20050301 20151231   434     48.7351  10.7415     3958
04485 20050201 20151231   296     50.7252  10.4540     3986
06346 20050201 20151231   530     48.2070  11.2035     3986
07075 20050201 20151231   425     48.7021  11.8494     3986
00365 19911001 20020930   421     49.3311  11.4303     4018
00434 19470101 19601231    35     52.4553  13.4699     4018
00964 19520101 19621231   413     50.0832   6.8904     4018
02223 19910101 20011231   300     50.3674  10.5687     4018
02689 19500101 19601231    40     53.2279   9.6527     4018
03818 19560101 19661231    29     52.7167  11.7333     4018
05252 19470101 19571231   100     52.1030   9.5845     4018
06305 20041201 20151231   190     51.2065  10.4948     4048
06344 20041201 20151231   168     50.3940   8.1423     4048
07187 20041201 20151231   193     49.7636   9.4053     4048
00865 19600101 19710228    42     52.8441   8.0624     4077
00131 20041101 20151231   296     51.0880  12.9328     4078
06312 20041101 20151231   362     49.5314  10.6418     4078
07099 20041101 20151231   187     52.0111  10.3966     4078
03509 20041001 20151231    77     53.1020  13.0421     4109
06272 20041001 20151231   283     50.8426  10.2518     4109
05277 19980101 20090630   349     50.8113   9.1275     4117
00167 20040901 20151231     9     53.8412  13.6846     4139
06266 20040901 20151231   112     52.0305  10.9625     4139
04189 20040801 20151231   533     48.1479   9.4596     4170
06310 20040801 20151231     1     54.1049  13.8239     4170
06337 20040801 20151231    59     51.7663   7.5193     4170
03734 20040701 20151231   230     49.1280   9.3525     4201
04160 20040701 20151231   478     48.7425   8.9240     4201
06263 20040701 20151231   445     47.7738   8.8218     4201
06275 20040701 20151231   325     48.6705   9.4627     4201
00617 20040601 20151231    48     51.8728   6.8862     4231
05453 19920601 20031231   173     48.1880   7.6977     4231
06259 20040601 20151231   523     49.0210   9.6032     4231
06264 20040601 20151231   457     51.4143   8.6498     4231
06273 20040601 20151231    36     52.5072  11.8549     4231
02790 19700101 19810831   296     49.5592   7.4134     4261
02857 19470401 19581130   175     51.1173  10.6568     4262
06265 20040501 20151231    36     52.3613  12.3867     4262
02226 19910101 20020930   668     50.4707  10.9106     4291
04066 19861101 19990131   553     47.9091  11.1048     4293
06182 20000401 20120326   404     48.7757  12.1743     4378
00185 19460101 19571231     3     54.6289   9.9294     4383
00283 19480101 19591231   382     49.8808  10.8695     4383
01761 19470101 19581231   284     50.6500  12.2000     4383
04005 19460101 19571231   530     47.8588  12.3624     4383
04939 19470101 19581231   235     51.7333  11.1167     4383
05663 19790101 19901231   118     53.4618  13.6099     4383
05971 19510101 19630228   510     48.8787   9.6342     4442
03518 19811001 19931130   793     47.9760   8.9101     4444
03278 20030101 20151231   355     48.5376   9.2733     4455
05480 20030910 20151231    85     51.5765   7.8880     4496
02931 19590112 19720430   128     51.3920  12.3962     4514
05267 19630601 19751231    86     52.0722  11.0222     4597
04332 19470501 19591231   235     50.6563  11.3894     4628
02354 19470201 19591231   118     51.4379  14.2426     4717
05127 19910201 20031231   649     48.0083   8.8179     4717
02053 19630101 19751231   461     51.6868  10.8631     4748
02174 19911001 20151231   238     51.6254  10.3704     4748
06258 20030101 20151231   459     47.6845   9.4409     4748
00660 19480101 19601231    83     52.2744  10.5656     4749
01084 19940501 20070531    31     51.3940   6.7026     4779
01255 20021201 20151231   220     49.1664   8.8523     4779
06260 20021201 20151231   385     49.3325   9.7039     4779
06262 20021101 20151231   413     48.7695   9.8737     4809
05403 19911101 20041231   309     49.5900  10.2588     4810
02494 20000601 20130929    31     51.7329   6.2688     4869
00070 19730601 19860930   712     48.2052   9.0371     4870
00386 19730701 19861130   445     51.0454   8.3851     4870
02289 19530701 19661231    28     52.6667  12.3333     4932
05778 19910101 20040731     2     54.0801  13.8989     4961
02388 19900601 20031231   193     48.0419   7.6322     4962
01228 20000701 20151231     0     54.1651   6.3460     4995
01275 19670401 19801231   340     48.3008  13.1398     5024
01006 19471101 19610930    15     53.1399  11.2544     5083
05284 19780101 19911231   224     48.8279   9.3228     5113
00416 19820701 19960930    47     52.4069  13.4127     5114
00702 19480101 19611231     8     53.5876   8.6015     5114
01066 19630101 19761231   180     51.5040  10.2613     5114
02475 19670101 19801231    75     52.0006  13.1022     5114
02621 19560101 19691231    42     52.4036  13.2319     5114
02996 19470101 19601231   352     48.7726   8.7287     5114
04775 19520101 19651231   424     49.7858  11.8211     5114
05291 19480101 19611231  1005     47.9760   8.1558     5114
04438 19921201 20061231   317     49.9750  11.0395     5144
04729 19890701 20040229   342     50.2882   9.4583     5145
03045 19930501 20070630    27     52.7432   7.8763     5174
00970 19850401 19990630   405     49.4158  10.6734     5204
00931 19890801 20031231   708     47.8007   9.4108     5266
04166 19880501 20021231   360     48.5051   9.1833     5358
00125 20000702 20151231   756     47.8342  10.8667     5378
01287 19911201 20060831   198     49.8589   9.2861     5388
04367 19920401 20061231   175     52.0780   9.5520     5388
02691 19940401 20081231   378     48.6707  11.2173     5389
03211 19420101 19561231  1011     48.9359  13.5747     5449
01621 19490101 19631231   550     50.2766   9.9146     5478
01380 19410101 19561231    19     54.8147   9.4580     5479
02915 19470101 19611231   640     50.4833  11.4500     5479
04425 19510101 19651231   569     49.4864   7.0290     5479
05442 19910101 20051231   115     51.2165  11.9710     5479
06093 19980201 20151231    62     53.2139  10.4704     5508
04222 19910101 20060131   464     50.5263  12.4091     5510
00738 19690501 19840831   310     50.3080   9.7835     5512
01102 19871101 20021231   300     48.7201   9.5328     5540
06197 20001011 20151231   258     51.8664   9.2709     5560
02546 19881001 20031231   141     48.5576   7.8800     5570
03268 20000601 20151231   920     48.1875   8.9938     5600
03623 20000701 20151231   111     50.8294   6.6602     5601
05109 20000701 20151231    69     53.5997  13.3039     5624
02923 19550101 19700531   663     47.9116  10.6124     5630
06199 20000801 20151231    16     54.2484  13.0418     5631
02410 20000702 20151231   364     48.7112  11.5362     5633
03603 20000701 20151231   473     49.3895   9.9666     5634
04280 20000701 20151231   385     49.2164  11.1036     5634
00603 20000701 20151231   159     50.7349   7.1931     5640
01504 20000701 20151231   172     51.1190   9.2799     5647
04174 20000701 20151231    40     52.2887   7.3866     5649
01339 20000701 20151231    73     52.9157  10.1885     5655
02886 20000701 20151231   539     48.2176   9.9097     5655
03254 20000702 20151231    19     52.7156   7.3176     5656
00368 20000701 20151231    70     52.8152   9.9248     5657
05715 20000701 20151231    57     52.4605   9.4311     5660
00766 20000701 20151231   477     50.1746   7.0595     5662
02385 20000701 20151231   376     49.6927   7.3264     5662
02773 20000701 20151231   417     49.4283  11.9016     5662
03484 20000701 20151231   380     48.7097  11.2096     5662
03639 20000701 20151231    25     53.7647   8.6583     5662
05640 20000701 20151231     8     53.5504   7.6672     5662
03236 19860701 20011231    89     52.2044   8.3382     5663
00129 19910101 20061231    33     53.6893  13.2420     5691
02315 20000601 20151231    81     51.7657  13.1666     5691
02429 20000601 20151231    21     53.9897   9.5696     5691
02905 20000601 20151231   550     48.1849  10.8507     5691
02796 20000601 20151231    40     53.9156  12.2790     5692
02829 20000601 20151231   621     48.0772  10.9144     5692
05107 19880601 20031231   769     48.2813   9.3136     5692
01403 19650401 19801031   260     50.0616   9.4550     5693
00954 19980101 20151231     0     54.1667   7.4500     5743
01239 19860801 20080923   540     47.8516   8.7673     5748
06186 20000401 20151231   268     50.1988   7.8647     5753
00578 19510301 19661231   379     48.9451  11.3667     5785
01345 19470301 19621231    92     53.3346  13.4371     5785
01513 19470101 19621130   653     50.6588   8.1027     5813
06170 20000201 20151231    40     52.0192  14.7254     5813
01762 19910101 20061231   270     50.6249  12.1777     5844
04149 19470101 19621231   764     50.5602  13.2222     5844
04489 19470101 19621231   198     51.8833  10.7667     5844
05821 19610101 19761231    36     52.8482   8.7190     5844
04029 19400101 19571231    25     52.6691   7.9544     5845
03320 19350101 19530531    49     51.1970   6.4499     5874
06163 19991004 20151231    26     54.1654  10.3519     5931
00576 19870801 20031231   445     48.6759   8.9732     5997
03228 19790801 19951231   506     51.0976   7.6670     5997
02701 19470101 20070331   136     51.1329  11.7252     6026
02717 19890601 20051231   395     51.2662   8.8309     6027
06158 19990701 20151231   455     49.2247  10.6084     6028
06157 19990201 20151231     8     53.6409   8.0810     6055
04881 19771001 19940731   532     47.8591   9.0154     6056
00072 19781001 19950531   794     48.2766   9.0001     6087
02506 19470101 19630831   270     51.2667  14.0833     6087
00432 19780401 19941231    36     52.6044  13.2952     6088
01863 19950301 20151231   258     50.2667   9.1854     6089
06129 19990501 20151231   290     51.0594  14.4262     6089
05445 19910101 20071231   165     51.2120  10.9956     6119
00102 19980101 20151231    32     53.8617   8.1266     6175
05538 19990201 20151231   550     47.8827  11.1576     6178
00888 19650101 19911216   269     50.8149  12.3821     6180
00592 19460101 19621231    10     53.8634   9.7344     6209
01091 19910101 20071231   258     51.2806  10.7362     6209
01204 19490101 19651231     1     53.2346   8.4612     6209
03825 19610101 19771231   338     49.5033   7.2773     6209
05871 19981101 20151231   497     49.9462   7.2645     6270
05562 19950401 20151231   570     48.6516   8.6801     6271
04841 19981001 20151231     1     53.6946   8.8735     6301
06109 19981001 20151231    50     53.3837  14.3728     6301
05681 19810901 19981231   200     49.5811   7.6234     6331
05133 19980601 20151231   295     51.3343   8.9132     6423
06105 19980601 20151231    14     54.3194   9.8051     6423
02023 19980101 20151231   502     48.7918  10.7062     6442
04233 19360403 19531130   397     50.3833   9.5167     6451
05032 19860501 20031231   195     49.8850   9.8463     6454
05800 19980101 20151231   615     49.0280  13.2385     6489
00856 19980101 20151231   551     47.8843  12.5404     6491
03362 19980101 20151231   244     48.9721   8.8734     6513
02961 19980101 20151231     5     54.4996  10.2737     6521
01587 19980101 20151231   536     48.9481  11.4289     6527
03016 19700601 19880430   760     47.5980   9.8878     6544
02437 19980101 20151231    21     54.4550   9.5194     6546
05347 19980101 20151231   236     51.5040   9.1118     6555
03897 19980101 20151231     1     54.0893  10.8773     6559
01200 19980101 20151231     3     54.0691   9.0106     6566
00303 19980101 20151231    55     52.0614  13.4996     6568
05930 19980101 20151231     2     54.6410  10.0238     6572
00704 19980101 20151231    10     53.4451   9.1390     6574
02830 19500101 19671231   602     48.0349  10.8709     6574
03222 19610101 19781231    60     52.3411   9.1403     6574
00207 19470101 19641231   105     51.7498  11.4667     6575
04433 19870101 20041231   519     48.1994   9.7700     6575
05335 19910101 20151231   348     50.8963  10.5484     6604
04032 19910101 20151231   142     51.7954  11.1319     6636
04987 19860501 20040630   179     49.6122   9.6747     6636
00211 19810901 19991231   200     50.5799   8.4682     6696
04582 19830401 20010731   349     49.0817   9.6868     6697
04327 19530301 19710716   797     48.8765  13.0490     6712
02069 19360101 19750531   648     48.8629  13.0670     6728
04612 19470101 19650630   418     50.5513  12.7678     6756
05839 19970701 20151231    -0     53.3881   7.2287     6758
00773 19860501 20041231   478     48.6743   8.1799     6820
02920 19780901 19970630   365     48.7654  12.5121     6848
02912 19560301 19741130     9     54.7419   9.8791     6849
03300 19740501 19930331   155     50.2285   9.1064     6910
02417 19590101 19771231   621     48.1644  12.0307     6937
05856 19970103 20151231   476     48.5451  13.3531     6937
00420 19930501 20151231    60     52.5447  13.5598     6972
01221 19550101 19740228     0     53.3707   7.2236     6999
01392 19871001 20061231   622     49.7317  12.3491     7032
00184 19470101 19660630    55     52.6769  12.0077     7121
02627 19960701 20151231   128     51.5554  13.8846     7123
00410 19960601 20151231    33     52.4040  13.7309     7153
04559 19960501 20151231   399     49.1646  12.6176     7184
00417 19360101 19561031    43     52.4144  13.3036     7215
00116 19470101 19661231   213     50.9833  12.4333     7305
00169 19470101 19661231   630     50.5730  13.0053     7305
01003 19470101 19661231   201     51.1333  13.1167     7305
02963 19470101 19661231    92     51.3167  12.0333     7305
04100 19540101 19731231   109     51.6243   7.1820     7305
04373 19470101 19661231    23     52.8568  11.1430     7305
04474 19540101 19731231   170     49.7961   7.7583     7305
05797 19950101 20151231   353     50.6880  12.4328     7305
00710 19831101 20031231   181     49.0250   8.6991     7366
01299 19790901 19991031     3     53.6476   7.6085     7366
00407 19580101 19780331    48     52.6461  13.2858     7395
05675 19610101 19810331    56     52.4411  10.7587     7395
03975 19930901 20151231   522     49.4778  11.5355     7426
00917 19950801 20151231   162     49.8809   8.6779     7457
01411 19910101 20151231   745     50.5309  10.0480     7487
05904 19780501 20050131   431     48.6493  11.7772     7492
04468 19530101 19730731    19     54.5227   9.5649     7517
00553 19540101 19740831    25     51.8380   6.6107     7548
04036 19950501 20151231   204     51.3895  11.5414     7550
00840 19950301 20151231   897     50.4313  12.6114     7606
03660 19950306 20151231   485     50.3601   6.8697     7606
05244 19610101 19820228   220     49.2581   6.8612     7608
05236 19590101 19791231    51     52.8318   8.3112     7670
04606 19600101 19801231   116     51.5167  14.3500     7671
03139 19831101 20041231   509     48.2166  11.2965     7732
02344 19430101 19640331   582     50.1511  11.6980     7761
02641 19941001 20151231    85     51.5185  12.9065     7762
02951 19941001 20151231    20     53.1007  11.4864     7762
04997 19941001 20151231   193     50.9777  12.3432     7762
03735 19360701 19581231   455     48.2635  12.2760     7765
01378 19850701 20061231    45     54.8086   9.4182     7854
00705 19850601 20061231     5     53.5312   9.1664     7884
01154 19450101 19660930   470     48.3416  12.8820     7884
02985 19940601 20151231   321     50.9383  14.2093     7884
00348 19900101 20110901   127     50.4135   7.5886     7914
01276 19800801 20021231   408     47.6358   9.5392     7975
05643 19940301 20151231    66     53.1864  12.4949     7976
03878 19360101 19571231   327     48.5807  13.4152     8005
00154 19940101 20151231   515     48.0197  12.2924     8035
03098 19940101 20151231   387     51.2452   7.6425     8035
03591 19940101 20151231   350     50.6744   6.4237     8035
00524 19470101 19921231    80     51.6333  12.3167     8036
02704 19931001 20151231    76     51.7515  12.0079     8066
03289 19910101 20151231   355     50.7281  11.7838     8096
03857 19931001 20151231   885     47.6360  10.3891     8127
01441 19470101 19930430   416     50.9263  13.2711     8156
02780 19600101 19820531   330     50.1003  11.4494     8187
02406 19800701 20021130   209     49.2967   9.6520     8188
03705 19820701 20041231   480     48.3147   8.5735     8190
04656 19510101 19730630    49     53.9278  10.2993     8217
03042 19930701 20151231   230     50.5617   8.2386     8219
00172 19690501 19911130   395     52.2486   9.5056     8249
02856 19930601 20151231    91     51.9173  13.0878     8249
04294 19790701 20021031   360     48.4704   8.9687     8250
01052 19930501 20151231    80     52.2174  12.1641     8280
01421 19611201 19840831   125     50.1474   8.6746     8310
01666 19930301 20151231    27     54.8273   9.5057     8341
05435 19810101 20031231   455     48.8459   8.9079     8400
01844 19590101 19811231   517     47.9410  11.9000     8401
03512 19550101 19771231   820     50.5000  11.1500     8401
03791 19891001 20120930    11     53.1763   8.1824     8401
03752 19590901 19820930  1014     50.0300  11.8074     8431
00071 19861101 20151231   759     48.2156   8.9784     8461
03291 19801101 20031231   128     49.7120   9.2258     8461
01374 19490112 19720430   363     50.5049  10.1671     8510
01214 19871101 20151231   440     48.2012   8.1089     8522
02362 19821001 20151231   328     50.5652   7.4839     8522
03540 19920901 20151231   195     50.8446   7.3720     8522
00425 19590101 19820630    38     52.4044  13.4838     8582
01169 19760201 19990930   264     47.6288   7.5959     8582
05398 19480101 19710630   425     49.1965  10.6487     8582
01262 19920517 20151231   446     48.3477  11.8133     8629
01583 19470501 19701231   823     50.7719  13.7732     8646
00294 19920201 20151231   110     52.3199   9.4300     8735
05514 19360101 19611231     3     54.8991   8.3123     8767
02906 19510101 19750228     5     54.7750   8.9808     8825
03083 19911001 20151231    57     51.9267  13.8797     8858
00175 19520101 19760430   413     49.2964  10.5751     8887
02708 19910801 20151231   740     47.6652  11.0804     8906
04156 19731001 19980228     8     54.2878   9.6749     8917
03485 19910601 20151231   486     48.3116  10.3771     8980
04288 19510101 19750831    95     52.1039   8.1809     9009
05074 19360101 19601231   626     47.8663  12.6566     9041
03903 19510101 20040930   175     49.5114   6.3857     9068
04605 19910101 20151231   277     50.6440  11.1937     9072
02252 19470101 20151231   270     50.8990  14.7457     9087
01074 19470401 19730228   103     51.3043  12.0810     9101
00526 19510101 19751231   254     50.6738  11.2805     9131
00896 19910101 20151231   170     51.0778  10.8619     9131
01721 19910101 20151231   506     49.6640  11.2239     9131
02618 19910101 20151231   732     50.8458  10.4803     9131
03034 19910101 20151231   500     50.4505  11.6350     9131
03204 19910101 20151231   427     50.7334  10.8815     9131
05097 19910101 20151231    10     54.0661  12.7675     9131
05825 19910101 20151231    40     52.6198  12.7867     9131
02081 19360101 19601231   561     49.3981   8.7251     9132
04857 19901101 20151231     1     53.5527   9.6094     9161
00757 19901001 20151231   445     47.9625   7.9983     9223
03578 19811001 20061231   341     48.9832  12.1443     9223
03001 19650101 19900531   284     48.0674   7.6770     9282
04629 19740701 19991130    37     54.5166   9.1420     9284
03348 19900701 20151231   240     51.7209   9.8352     9315
03788 19600601 19851231   305     50.8646  14.7628     9345
03532 19510101 19761130     4     54.3609  10.6015     9466
01488 19470101 19721231   523     51.6884  11.0394     9497
02783 19660901 19920831   436     48.5126  12.1513     9497
05105 19470101 19730228   700     48.3132   9.2472     9556
01766 19891001 20151231    48     52.1344   7.6969     9588
04464 19890801 20151231   501     50.5679  11.8041     9642
05885 19510101 19770531   289     48.6582   9.4203     9648
05543 19600101 19860731   235     50.0863   8.1872     9709
03513 19890501 20151231   845     50.5002  11.1344     9741
03576 19760101 20021031   125     49.3478   8.1822     9801
04442 19810101 20071231   155     51.9119   9.1533     9861
00424 19540101 19801231    36     52.5000  13.4667     9862
01834 19510101 19780630   913     50.8519  10.4665    10043
03313 19360901 19720331   508     49.7328   8.7771    10074
03135 19550501 19830331   473     49.0643   9.5820    10076
03160 19520101 19801231   240     51.6084  11.4139    10076
01188 19470101 19740831   518     50.7041  10.8576    10105
04330 19520101 19800331   449     48.8026   8.9557    10105
04704 19880501 20151231   507     47.5776   9.7404    10106
00474 19590101 19860930   599     48.1252   9.7639    10135
00642 19660101 19931031     1     53.3517   8.4969    10135
04571 19690601 19970331   504     51.8369  10.4312    10166
04397 19780201 20051231   400     49.5025   7.2020    10196
04978 19860101 20151231   395     50.6390  10.0228    10196
00760 19760601 20040531    82     53.3635   9.9434    10227
05158 19871201 20151231   162     52.1601  11.1759    10231
04349 19871101 20151231   248     48.9569   9.0710    10288
03287 19871001 20151231   453     49.7176   9.0997    10319
01379 19570101 19850630    41     54.7737   9.3752    10408
05541 19870601 20151231   263     50.1320   8.3170    10441
03478 19760701 20050228    81     53.5468  13.1914    10470
00052 19730101 20011231    46     53.6623  10.1990    10592
00727 19580101 19861231   290     49.7345   8.9557    10592
03284 19870101 20151231   240     49.6691   9.0085    10592
00729 19470101 19801231   600     50.8282  10.4540    10593
00390 19861201 20151231   610     50.9837   8.3679    10623
02564 19860601 20151231    27     54.3761  10.1433    10663
03753 19640101 19930331    56     52.2042   7.1784    10683
04480 19851001 20151231   230     50.3447   9.5534    10684
03577 19470101 19760630    64     53.3585  13.0502    10774
06217 20010401 20151230   190     49.2406   6.9351    10775
02794 19860601 20151231    40     52.9363  12.4093    10800
05067 19370101 19660930   491     51.7643   9.5628    10804
03541 19620801 19920229   185     50.8956   7.3081    10805
01920 19780601 20071231   100     51.4129   7.4895    10806
05546 19860601 20151231   187     52.1207  12.4585    10806
03340 19380101 20151231   265     50.4383   7.8061    10837
05431 19470101 19760930    24     53.0333  11.8000    10866
00191 19860401 20151231   220     49.9695   9.9113    10867
05728 19520401 19811231    35     52.8039  12.8714    10867
00193 19680101 19971031   232     51.3845   9.0820    10897
03605 19510101 19801031   451     48.5334  10.2430    10897
01424 19851101 20151231   124     50.1269   8.6694    10927
05707 19010101 19530131   175     49.7995   9.9280    10942
04765 19510101 19801231   199     51.2801   9.9849    10958
03722 19760401 20060531   484     48.2443  11.5528    11018
04354 19850901 20151231   456     48.7832  13.3145    11049
05275 19851001 20151231   105     49.2447   8.5373    11049
04038 19470101 19770630    27     53.7276   9.9071    11108
04401 19500101 19800630    81     51.6334   8.1872    11139
01759 19470801 20151231    12     54.2437  13.9102    11223
03158 19850101 20151231    12     52.5468  14.5452    11225
03223 19470101 19770930   460     47.6985   9.2753    11231
03086 19850301 20151231    16     53.8025  10.6988    11263
01758 19470101 19771231     2     54.1000  13.4500    11323
02533 19460701 19770630   198     51.3340   9.4506    11323
01219 19470101 19970630     5     53.3449   7.1909    11445
03821 19840801 20151231   246     51.0873  11.9292    11456
05429 19530101 19840630   219     49.1512   9.2920    11504
04479 19540101 19850930   375     50.3849   9.5358    11596
02173 19760101 20071231    60     51.5890   7.1548    11688
03575 19510101 19821231   163     49.3570   8.1405    11688
05306 19711201 20031231   940     48.9293  13.4641    11719
05120 19500101 19820430   370     48.5198   9.0515    11808
01440 19710501 20031231   481     48.2018   7.9336    11840
04018 19510101 19830831   550     48.1877  11.2206    11931
05075 19711001 20040630   635     47.8516  12.6182    11959
03018 19730401 20051231   445     49.7117   8.7804    11963
02600 19821101 20151231   188     49.7363  10.1781    11992
02331 19700101 20021231   235     49.3283   7.3561    12023
02474 19760101 20081231    91     50.9104   6.4093    12054
02319 19821201 20151231   685     47.8823  11.6962    12084
01832 19821101 20151231  1436     49.1130  13.1342    12114
01593 19350101 19740430   190     50.2027   9.1989    12174
00706 19710501 20041231   234     47.8858   7.6611    12238
04927 19510101 19840731   286     48.7693   9.1814    12266
00399 19810101 20141231    37     52.5206  13.4106    12312
00132 19531211 19870930   750     49.7725  12.3891    12347
02654 19490101 19831031   200     49.0265   8.7554    12357
01490 19470101 19801130   394     47.6454   9.4795    12388
01047 18820101 19151231   112     51.0557  13.7274    12417
02005 19610101 19941231   108     52.7199  10.5987    12418
00327 19620901 19961031    27     53.6234   8.8323    12480
02303 19811001 20151231    10     54.3146   9.5390    12509
02775 19460101 19800630   225     49.2795   9.6925    12600
04079 19470101 20050630   200     51.1765  11.4183    12600
05280 19810401 20151231    35     53.9223  10.2268    12693
05676 19810401 20151231    82     52.3961  10.6898    12693
05703 19510101 19860131   170     49.7964   9.8949    12725
04364 19650101 19991231   138     52.0355  10.3054    12753
04706 19810101 20151231   360     48.2719  13.0273    12783
03085 19500301 19850228    15     53.8773  10.6915    12784
00848 19400101 19781231    38     52.6146  10.0726    12785
03031 19801201 20151231    92     51.6334   8.3943    12814
05185 19711101 20061231   291     49.5933  11.0704    12845
01638 19490101 19840430   158     50.5910   8.6551    12904
02861 19510101 19860630     5     53.7445   7.4775    12965
04091 19620701 19980630  1640     47.7327  12.6827    13055
01833 19470101 19821031  1307     49.0851  13.2801    13088
03776 19571101 19951031   110     50.0946   8.7546    13119
04411 19791201 20151231   155     49.9195   8.9671    13119
02879 19490101 19851231   199     49.5781   9.7142    13149
03671 19550101 19910331   280     48.6321   9.3261    13239
05488 19490101 19860331   216     49.9622  10.0482    13239
02831 19470111 20080331   393     48.5357  12.1132    13291
04818 19640401 20001231   598     50.1531  11.7403    13424
00769 19790101 20151231    68     52.2817   9.0889    13440
00850 19790101 20151231    39     52.5959  10.0296    13489
03231 19790101 20151231   450     50.5612  10.3771    13514
04490 19660101 20021231   223     49.4220   6.8396    13514
00091 19781101 20151231   300     50.7446   9.3450    13544
03595 19660501 20030630   250     50.4107   7.8080    13575
00919 19370203 19740731   169     49.8697   8.6796    13693
01103 19780101 20151231   592     48.1002  11.9872    13695
03666 19360101 19741231   335     49.5008  11.1070    13696
02225 19470101 19840930   385     50.9167  14.3667    13703
07244 19670101 20040930    62     53.1424  13.0319    13784
03929 19480101 19850930   100     49.2511   8.4415    13788
01447 19470101 19850630   255     48.0130   7.8588    13847
03811 19780101 20151231   150     51.2960  13.0928    13879
00876 19470101 19881231   314     51.3000  13.0167    13880
01426 19470101 19841231    65     52.3397  14.5080    13880
02306 19771101 20151231     8     54.3194  10.6732    13940
03062 19510101 19890531   100     50.0352   7.8197    14001
05320 19530101 19910630   330     47.6172   8.2388    14060
00554 19470101 20060228    23     51.8293   6.5365    14061
02422 19380101 19780630   230     51.3768   7.7644    14061
03836 19720501 20151231   312     50.4538  10.2210    14065
04039 19741201 20151231    13     53.7331   9.8776    14119
01172 19510101 19891130   123     51.8189   9.8871    14214
02092 19520201 19901231   496     50.1691   7.9949    14214
00222 19770101 20151231   387     50.5907  12.7140    14243
03904 19650101 20151231   152     49.5356   6.3804    14274
04926 19460101 20130513   224     48.7896   9.2167    14288
00772 19470101 19860430   190     48.6957   8.1744    14334
04896 19741201 20151231    40     54.6654   9.8050    14335
04642 19761001 20151231    21     52.8911  11.7297    14336
01292 19670101 20060430   470     49.7522  11.8222    14365
00502 19670801 20061231   412     49.8747   9.4883    14398
02464 19510101 19901031     1     53.5316   9.6752    14549
02761 19510101 19901031   520     48.2510  10.4163    14549
02166 19510101 19901231   344     51.0167  14.7500    14610
04505 19470101 19870131   708     50.5000  12.4500    14626
03667 19750101 20151231   368     49.4258  11.2538    14639
01224 19751101 20151231   201     48.1378   7.8351    14671
05029 19750601 20151231   386     49.4738   7.0386    14814
05890 19510101 19910731   850     47.6777  11.0473    14822
02201 19470101 20151231     1     54.5750  13.1044    14870
02543 19680101 20081231   585     48.0916  10.8609    14886
02907 19741101 20151231     7     54.7903   8.9514    15036
05434 19510101 19920531   317     50.0858  11.2364    15127
03212 19610101 20021231   230     50.3249   7.2300    15218
03101 19500101 19950930    58     51.7694   7.4128    15248
04878 19470101 20131210   494     51.6681  10.8823    15288
00965 19480601 19900630   100     51.2401  13.4166    15370
02360 19360101 19780430   438     48.6018  11.6769    15461
05296 19470101 19890430   376     51.2070   9.0658    15461
01602 19700101 20151231   176     48.4329   7.9931    15463
03545 19700101 20151231   236     49.3436   7.2295    15463
01087 19510101 19931231    21     51.4634   6.7321    15555
00355 19470101 19891031   140     49.6789   8.6276    15614
03790 19470101 19890930     5     53.1018   8.2516    15614
00650 19480701 20010430    35     52.4136  12.5503    15645
01869 19730101 20151231    56     53.3153  13.9338    15696
00435 19640101 20061231    45     52.4289  13.2327    15706
04053 19530101 19961231   407     47.7458   9.0007    15735
02712 19721101 20151231   443     47.6774   9.1901    15766
05046 19670101 20151231   500     49.8578  12.3541    15767
00555 19400101 20151231   101     51.4789   7.2697    15826
01987 19560101 20000229    47     53.5467   9.9662    15917
00648 19630501 20061231     9     53.8551   9.7152    15951
03426 19480401 20151231   125     51.5660  14.7009    15980
03004 19490101 19990630   185     50.4116   8.0605    16039
05369 19490101 19931231   443     48.0572  12.2202    16068
05068 19470101 19901231    80     51.5833  13.0000    16071
03856 19490101 19930630  1010     47.6383  10.4313    16129
02521 19500101 19940331   374     48.6765  11.2961    16161
03385 19550101 19990331   515     48.1660  11.5011    16161
03974 19490301 19930630   368     49.5058  11.5142    16193
04240 19480101 19920930   440     50.6407   6.2058    16223
02665 19360101 19841231    45     50.9615   6.9712    16225
01979 19510101 20061231     2     53.4213  10.1462    16285
04177 19480101 20151231   116     48.9726   8.3302    16313
02151 19470101 19910831   215     51.0048  10.1705    16314
03590 19610101 20050930   180     50.2335   8.8923    16344
02950 19620401 20061231    14     54.2190  10.8844    16346
00044 19710301 20151231    44     52.9335   8.2370    16376
01451 19701101 20151231     2     53.8277   9.2493    16406
15526 18910101 19351231    29     53.5467   9.9716    16435
05779 19710101 20151231   877     50.7314  13.7516    16436
14311 19610101 20051231   530     50.1505   6.5526    16436
06314 19490201 20151231   308     51.0507  13.3008    16557
05575 19530101 19980630     1     53.5901   8.1060    16617
01492 19580101 20031231   852     47.7819   7.7348    16680
02542 19700501 20151231   716     47.8652  10.6007    16681
04621 19580501 20031231   240     50.0575  10.2160    16681
01238 19510101 19960930   144     50.9884   7.4250    16710
03777 19580101 20031231   153     48.4593   7.9255    16801
03432 19490101 19950331   380     48.5665   8.7184    16860
01078 19690701 20151231    37     51.2960   6.7686    16985
04323 19690101 20151231   461     49.6467   7.8835    17166
03955 19500101 19970131    24     54.1590  10.4020    17198
05920 19500101 19970731    91     50.4485   7.4275    17198
00001 19370101 19860630   478     47.8413   8.8493    17348
02565 19400101 19880930    17     54.3378  10.0929    17380
00614 19510101 20071231   240     51.5709   9.3120    17471
03659 19470101 19950228   627     50.3391   6.9501    17591
00851 19480201 19960430   389     49.2504  12.6040    17622
00703 19370101 19850531     5     53.4779   9.1553    17652
00243 19580901 20061231     4     53.4621   7.4670    17654
01803 19670101 20151231    34     54.0714  12.3238    17744
04501 19471101 20151231   937     50.6546  10.7693    17769
00427 19670101 20151231    46     52.3807  13.5306    17897
01332 19660701 20151231   472     48.4832  12.7240    17897
03879 19480101 19970103   409     48.5779  13.4694    17901
03390 19400101 19920516   529     48.1369  11.7094    17975
01032 19500101 19990930   120     51.5120   7.5345    18016
02327 19510101 20000630   250     50.7316   9.0032    18048
01182 19470101 20010531   146     51.5029  11.5705    18090
03147 19530101 20151231   418     48.7726  12.2177    18109
04748 19470101 20101231   216     51.3520  10.9059    18117
04763 19610101 20151231   265     51.0607   9.9266    18138
02323 19510101 20151231   110     51.8539   9.4964    18140
04557 19530101 20021031   400     47.6463   7.8439    18201
01619 19560101 20051231    90     49.7611   8.4876    18263
00736 19470101 19991231   390     49.6303   7.1148    18293
01229 19470101 19970331    90     50.3324   7.6975    18353
01051 19360101 20151231   119     51.0240  13.7737    18416
03103 19470501 19971231    11     53.2657  10.4240    18508
05568 19470101 20010331   310     51.1056   9.1081    18535
01972 19120101 19620930    35     53.4793  10.2415    18536
04377 19650101 20151231   510     50.3519  10.0032    18627
00298 19470101 20151231     3     54.3406  12.7108    18628
00231 19010101 19740430   490     48.3723  10.8948    18688
02122 19510401 20020531     2     53.9701   9.0095    18689
05644 19480101 19990831   133     51.3493   9.8438    18780
04581 19510101 20021031   415     48.7768   9.8025    18809
01266 19640501 20151231    18     54.2992   9.3162    18872
05149 19510301 20151231   308     49.5742  10.1916    18872
00186 19470101 19980930   218     51.3773   8.0713    18901
04300 19570201 20151231   588     48.1814   8.6356    18929
01875 19510101 20021231   492     48.9354   9.7364    18993
02503 19510101 20030331   487     50.6266  10.1455    19065
01590 19631001 20151231    37     51.4943   6.2463    19085
05559 19490101 20010630   385     48.7848   8.5764    19174
02349 19530101 20050831  1119     48.6136   8.2034    19236
03234 19560601 20151231   157     51.1294  13.4327    19265
00430 19630101 20151231    36     52.5644  13.3088    19358
01107 19630101 20151231   346     49.8520  10.4990    19358
02110 19630101 20151231    57     51.0412   6.1041    19358
01079 19350101 19960731    37     51.1998   6.7574    19387
03167 19621201 20151231   547     50.6620   7.9602    19389
03425 19510101 20040531   344     48.9729   9.5708    19420
04339 19480101 20010331   193     49.2231   7.0168    19449
01201 19470701 20001231    85     50.9281   6.5646    19543
01981 19620501 20151231     3     53.4777   9.8957    19603
02947 19620401 20151231   286     51.1334   8.0352    19633
00881 19500101 20031231   423     49.0985  10.0979    19634
03155 19611101 20151231   413     50.1015   6.8009    19722
05912 19500101 20031231   254     51.1318   9.5189    19723
00238 19510101 20041231   560     47.9699   9.6672    19724
02949 19470801 20020131   758     48.5396   9.5275    19848
00078 19610101 20151231    65     52.4850   7.9119    19998
03244 19610101 20151231   615     47.9820  10.1384    20057
05731 19610101 20151231   398     47.6780   8.3799    20057
03096 19400101 19951231   444     51.2131   7.6359    20058
03565 19470101 20020131   315     49.5728  10.6001    20067
03552 19610101 20151231    38     52.9037  12.8072    20087
00400 19610101 20151231    60     52.6309  13.5022    20088
00662 19610101 20151231    81     52.2914  10.4465    20088
02206 19530301 20080229   117     52.1408   9.8838    20089
01254 19470701 20021130   210     49.1307   8.9165    20211
01990 19510101 20061231    18     53.5853  10.1293    20242
01736 19510101 20151231    27     53.5731  10.6797    20300
03927 19580101 20151231   630     47.9344   9.2869    20362
05802 19480101 20030930   615     49.0007  13.2137    20362
03044 19460101 20151231    22     52.7216   7.7463    20393
03166 19560101 20151231   639     50.6510  13.1469    20452
01617 19520101 20071231   210     51.7259  11.1317    20454
03486 19490101 20041231   212     49.2931   9.2722    20454
05426 19530101 20151231   553     49.3758   8.1213    20515
02878 19510101 20070430   119     51.3912  11.8785    20574
02095 19470701 20031031   167     49.1448   9.2333    20577
01161 19550101 20151231   384     48.8777  11.2349    20604
04664 19410101 20000630   611     50.1969  12.1727    20608
05419 19510101 20070630   264     50.9744  11.3080    20635
00073 19590301 20151231   340     48.6159  13.0506    20637
02488 19460101 20020930   516     48.7701  10.7876    20727
06159 19590301 20151231     8     52.9542   7.3196    20730
02260 19490101 20061231   474     50.3230  11.9077    20819
02268 19490101 20061231   263     50.1352  10.5156    20819
05361 19490101 20051231   270     50.6271   9.4420    20819
02657 19510101 20080131    85     50.3369   7.5992    20850
05138 19460101 20031231   446     47.7713   9.1562    20880
05146 19510101 20151231    50     52.9414  10.5289    20911
05498 19470710 20041130   140     49.7667   9.5428    20964
04752 19510101 20080630   626     50.3746  11.1828    21000
05282 19170101 19740630   246     51.1197  13.6744    21000
04278 19510101 20081231   340     49.2511  11.0934    21064
02088 19470101 20050430   498     48.6765  10.1307    21154
04169 19580101 20151231   131     48.6703   7.9939    21184
04928 19580101 20151231   314     48.8282   9.2000    21184
05664 19580101 20151231   291     48.2953   8.2391    21184
04419 19470101 20041231   212     47.9556   7.7134    21185
02667 19570901 20151231    92     50.8646   7.1575    21306
01735 19570501 20151231   628     48.7893  13.6291    21399
00661 18910101 19531231    75     52.2708  10.5334    21457
05433 19570101 20151231   380     49.5534   6.8120    21458
03815 19520201 20101130    95     52.2553   8.0534    21488
03056 19470101 20051031   161     50.0103   9.6100    21489
04125 19450101 20061130   470     47.7238  12.8740    21489
05165 19480201 20061231    95     52.8499  10.2898    21519
02925 19570101 20151231   356     51.3933  10.3123    21549
01667 19480101 20061231     1     53.7970   9.4295    21550
00619 19470101 20060228    12     53.5788   6.6703    21578
01526 19490101 20110426   255     50.5335   9.6750    21665
02578 19550801 20151231    12     53.9995  11.4341    21703
02932 19340101 20151231   131     51.4348  12.2396    21708
05300 19510101 20151231   380     50.2596   8.3607    21733
05654 19480701 20071231   464     49.2178  10.2296    21733
00982 19470501 20061130   420     48.5701  10.4985    21764
02120 19470301 20061231   140     52.2164  11.0219    21856
01891 19380101 20020331    73     51.8771   8.3577    21945
05279 19510101 20151231   176     51.6184   9.5761    22130
05078 19400101 20010930     2     53.9619  10.8892    22189
03668 19550401 20151231   314     49.5030  11.0549    22190
00480 19450101 20061231   296     50.9275   8.4935    22263
00142 19550101 20151231   510     48.4059  11.3117    22280
02483 19550101 20151231   839     51.1803   8.4891    22280
00991 19540901 20151231   365     50.9117  13.7087    22293
03093 19541201 20151231    17     52.9724  11.1374    22311
01748 19360101 20050331   608     50.4788   9.2620    22371
04175 19530901 20141231   282     47.5590   7.7721    22402
05064 19540101 20151231    37     51.2898   6.4443    22431
03379 19540601 20151231   515     48.1631  11.5429    22494
05467 19510101 20120920  1832     47.7035  12.0119    22544
03164 19460101 20151231   182     50.8492   8.7746    22586
00198 19540101 20151231   164     51.3745  11.2920    22645
01072 19520101 20151231   107     49.4719   8.1929    22646
01964 19520101 20151231   328     49.9445   6.3821    22646
01605 19530101 20151231    35     52.3875  12.1601    22852
03679 19470101 20151231   518     47.6185  12.1666    22854
04508 19530101 20151231   649     50.2968   6.4194    22857
00599 19321001 19990301    62     50.7055   7.1467    22858
02532 19510101 20131031   231     51.2963   9.4424    22950
00817 19521001 20151231   293     51.0306   8.8146    22978
03366 19530101 20151231   406     48.2791  12.5024    23010
04592 19510101 20151231   356     49.3278  12.0871    23010
04931 19530101 20151231   371     48.6883   9.2235    23010
01050 19490101 20151231   114     51.0221  13.8470    23014
01503 19470201 20151231     6     53.0643   7.9022    23071
05750 19520901 20151231   170     51.0314  12.1495    23101
00963 19520901 20151231    39     52.5881   8.3424    23132
05014 19520101 20151231     7     53.2758   8.9857    23133
04703 19510101 20151231   580     48.0719   9.1942    23254
02115 19520501 20151231     4     54.1750   7.8920    23255
00150 19510101 20151231   215     49.7271   8.1169    23346
05250 19360101 20031231   223     48.0908   7.6353    23346
01612 19520101 20151231   311     50.8813  12.1289    23376
02559 19520101 20151231   705     47.7233  10.3348    23376
01329 19360101 20031231    50     54.1340  10.5865    23377
01957 19510101 20150322    93     51.5138  11.9499    23450
02167 19480101 20120401   302     49.7672   7.3356    23468
02250 19410101 20060731   403     49.1279  12.8645    23557
02456 19400101 20050826     7     53.5322   7.8806    23614
02812 19500101 20151231   155     48.3647   7.8280    23649
00460 19510101 20151231   363     49.2640   6.6868    23723
01270 19510101 20151231   316     50.9829  10.9608    23741
02680 19510101 20151231   288     50.2840  10.4456    23741
03023 19510101 20151231    22     52.5181   7.3081    23741
03028 19510101 20151231   157     51.7855   8.8388    23741
04063 19510101 20151231    41     52.4461   8.5906    23741
04336 19510101 20151231   320     49.2128   7.1077    23741
04393 19510101 20151231     5     54.3279   8.6030    23741
04911 19510101 20151231   350     48.8275  12.5598    23741
04275 19460101 20151231    32     53.1288   9.3398    23758
01207 19480601 20151231   560     50.2705  12.2742    23805
00953 19500801 20151231   481     49.7619   7.0541    23888
02078 19370101 20020630    10     54.2181   9.0853    23891
05761 19031101 19801231    69     51.9642  12.0996    23893
01645 19490101 20151231   340     50.9656   9.0500    23908
02814 19490101 20151231   685     48.5121   9.7645    23922
03442 19470101 20151231   149     50.3574   8.7506    23923
01468 19490101 20151231   797     48.4537   8.4091    23945
05344 19410301 20061231     3     53.7870   7.9066    23955
03939 19500101 20151231   385     49.1911   7.5875    24015
00535 19470101 20151231   417     50.0372   7.3079    24074
03875 19500101 20151231   549     49.1510  11.6896    24075
01048 19350401 20151231   227     51.1280  13.7543    24076
04261 19500101 20151231   444     47.8752  12.1279    24076
00403 19500101 20151231    51     52.4537  13.3017    24106
01279 19490101 20151231   268     49.6497  11.0073    24106
02750 19490101 20151231   312     50.2524  11.3208    24106
04094 19460101 20151231   440     47.8062   9.6206    24167
00259 19470101 20151231   273     47.8064   7.6387    24168
00717 19370101 20040630   443     51.3873   8.5737    24227
03376 19490101 20151231    63     52.5176  14.1232    24320
05349 19470101 20151231    73     53.5196  12.6654    24343
04560 19490101 20151231   265     50.4927   9.1228    24348
01443 19490501 20151231   236     48.0233   7.8344    24351
04741 19360101 20021231   154     51.1398   7.0934    24366
00257 19490101 20151231   240     48.7270   8.2458    24440
00314 19450606 20151231   232     51.1605  14.5037    24468
00282 19490101 20151231   240     49.8742  10.9206    24471
00701 19490101 20151231     7     53.5332   8.5761    24471
01420 19490101 20151231   100     50.0259   8.5213    24471
02171 19490101 20151231   272     50.8519   9.7378    24471
02700 19490101 20151231   416     48.8302  11.4872    24471
04709 19480101 20151231   445     49.9996   7.5981    24472
03924 19370101 20050831   246     48.9059   8.7412    24531
05692 19360101 20151231    88     49.6051   8.3659    24532
05941 19450101 20151231   685     47.6752  12.4696    24550
02629 19471111 20151231    46     51.7612   6.0954    24552
00377 19470101 20151231   252     49.1070   7.9967    24563
03739 19481001 20151231   596     49.4521  12.4366    24563
05745 19480701 20151231    51     52.9664  13.3268    24587
01001 19480701 20151231    97     51.6451  13.5747    24653
01357 19480101 20151231   654     49.9807  11.8376    24714
03640 19360101 20061231    24     52.4124   7.0640    24717
05017 19480101 20151231   633     50.4002  11.3889    24717
01689 19360101 20040630   443     49.7656  11.3061    24744
01993 19400101 20071031    68     52.0848   9.3896    24746
05516 19480101 20151231     3     54.5284  11.0605    24775
03137 19480101 20151231   195     49.9656   8.2139    24806
03490 19480101 20151231   111     50.5346   7.0853    24807
00450 19450101 20121203   120     49.9186   7.0664    24809
00433 19480101 20151231    48     52.4675  13.4021    24837
05100 19480101 20151231   265     49.7479   6.6582    24837
01297 19470901 20151231   170     51.1834  10.0638    24900
00979 19470801 20151231   314     50.7364   8.2672    24901
02497 19470101 20151231   505     50.5016   6.5262    24928
02074 19470101 20151231   522     48.3751   8.9801    24941
00722 19470911 20151231  1134     51.7986  10.6183    24949
04301 19470101 20151231   102     49.8502   7.8710    24957
04745 19470721 20151231    76     52.9604   9.7931    25001
04287 19470601 20151231   415     49.3848  10.1732    25051
05155 19440101 20140831   567     48.3837   9.9524    25126
02480 19470101 20151231   107     50.0644   8.9932    25141
03612 19470101 20151231    25     52.6711   9.2229    25141
04445 19470101 20151231   609     51.7658  10.6533    25141
00151 19470101 20151231   383     49.4689  11.8547    25143
01694 19470101 20151231    58     53.6060  12.1033    25160
05009 19470101 20151231    38     53.7610  12.5574    25187
04024 19470101 20151231    40     54.3643  13.4771    25188
05490 19470101 20151231   234     51.8454  10.7686    25189
02638 19470101 20151231   973     48.1054   8.7549    25199
00867 19470101 20151231   345     50.3067  10.9680    25200
02044 19470101 20151231   404     51.6520  11.1367    25200
05142 19470101 20151231     1     53.7444  14.0697    25200
00164 19470101 20151231    54     53.0316  13.9907    25202
00183 19470101 20151231    42     54.6792  13.4343    25202
00232 19470101 20151231   461     48.4254  10.9420    25202
00320 19470101 20151231   350     49.9667  11.5197    25202
00591 19470101 20151231    45     53.3911  10.6878    25202
00596 19470101 20151231    15     54.0028  11.1908    25202
01544 19470101 20151231    47     52.5129  11.3941    25202
01684 19470101 20151231   238     51.1622  14.9506    25202
01691 19470101 20151231   167     51.5003   9.9506    25202
02261 19470101 20151231   565     50.3122  11.8761    25202
03126 19470101 20151231    76     52.1029  11.5827    25202
03196 19470101 20151231    81     53.3223  11.9319    25202
03257 19470101 20151231   250     49.4773   9.7623    25202
03527 19470101 20151231   500     50.8924   9.4053    25202
03621 19470101 20151231   435     48.8254  10.5066    25202
03631 19470101 20151231    11     53.7123   7.1519    25202
03761 19470101 20151231   276     49.2070   9.5175    25202
04104 19470101 20151231   365     49.0424  12.1021    25202
04271 19470101 20151231     4     54.1802  12.0805    25202
04466 19470101 20151231    43     54.5275   9.5486    25202
04887 19470101 20151231   734     48.6657   9.8646    25202
05229 19470101 20151231   720     48.0453   8.4608    25202
05397 19470101 20151231   440     49.6663  12.1845    25202
05629 19470101 20151231   105     51.8892  12.6445    25202
05705 19470101 20151231   268     49.7703   9.9577    25202
03537 19360101 20070831    26     54.0873   9.9791    25371
03307 19460101 20151231   981     47.4778  11.2654    25506
02147 19360101 20071231    77     52.1264   8.6865    25537
00891 19460101 20151231     5     53.8713   8.7058    25567
02597 19460101 20151231   282     50.2241  10.0792    25567
03402 19460101 20151231   750     48.3851   9.4837    25567
02968 19450101 20151231    43     50.9895   6.9779    25590
01346 19450101 20151231  1490     47.8749   8.0038    25758
05111 19450101 20151231   559     48.0310  12.5396    25929
01300 19380101 20151231   351     51.2540   8.1565    26246
05906 19360101 20151231    96     49.5090   8.5541    26298
05371 19360101 20151231   921     50.4973   9.9428    26512
01197 19410101 20151231   460     48.9895  10.1312    26875
03383 18790101 19541231   515     48.1635  11.5019    26878
04692 19370101 20151231   229     50.8534   7.9966    26968
05717 19370101 20151231   130     51.2248   7.1053    27028
02039 19360101 20151231   201     51.9000  10.5701    27150
00217 19410101 20151231   672     47.8774  11.3642    27180
01639 19390101 20151231   203     50.6017   8.6439    27363
03271 19410101 20151231   313     48.8548  12.9187    27393
02080 19350101 20120911   110     49.4206   8.6676    27588
03032 19370101 20151231    26     55.0110   8.4125    27759
04371 19350101 20151231   135     52.1042   8.7521    27759
01327 19370101 20151231   146     50.7119   6.7910    27789
04651 19370101 20151231   186     51.9044  10.1888    28064
02211 19370101 20151231   295     50.7371   7.6528    28124
01303 19350101 20151231   150     51.4040   6.9676    28125
02014 19360101 20151231    55     52.4644   9.6779    28125
04933 19000101 19770630   401     48.7091   9.2147    28244
02374 18910101 19740630     3     54.4752   9.0564    28274
03088 18900101 19730630     5     53.8953  10.7040    28305
00656 19360101 20151231   607     51.7234  10.6021    28390
00330 19370101 20151231   450     49.5617   8.9679    28733
00755 19350101 20151231   340     49.5182   9.3213    28733
02601 19360101 20151231   826     50.2218   8.4469    28788
05440 19360101 20151231   439     49.0114  10.9319    28840
01550 19360101 20151231   719     47.4831  11.0623    28884
03730 19360101 20151231   806     47.3986  10.2760    29128
00284 18790101 19581231   282     49.8800  10.8800    29219
01975 19360101 20151231    11     53.6332   9.9881    29220
05404 19310101 20141231   477     48.4022  11.6944    29274
01580 19350101 20151231   110     49.9859   7.9549    29585
00402 18760101 19621231    55     52.4564  13.2997    31586
05099 19070501 20151231   132     49.7326   6.6131    31808
00445 18980101 20151231    84     51.8218  11.7109    32322
01757 18980301 20151231     2     54.0967  13.4056    32813
01425 18700101 19611130   109     50.1213   8.6601    33479
02486 19010101 20151231   271     49.4262   7.7557    35947
03404 18910101 19911231    62     51.9494   7.5906    36159
00003 18910101 20110331   202     50.7827   6.0941    38440
03015 19060401 20151231    98     52.2085  14.1180    40087
05732 18870701 20030630     8     54.6928   8.5271    40786
00853 18820101 20151231   418     50.7913  12.8720    41545
05792 19000801 20151231  2964     47.4209  10.9847    42050
00863 18900101 20120404   585     51.7904  10.3470    42078
01960 18510101 19661231   102     51.4831  11.9671    42368
04625 18900101 20151231    59     53.6425  11.3872    43767
00880 18870101 20151231    69     51.7760  14.3168    43795
01358 18900801 20151231  1213     50.4283  12.9535    44371
03987 18930101 20151231    81     52.3813  13.0622    44924
00691 18900101 20151231     4     53.0445   8.7985    45714
02522 18760101 20081031   112     49.0382   8.3641    48183
03946 18820101 20151231   386     50.4819  12.1300    48306
02928 18631201 20151231   138     51.3151  12.4462    50069
02444 18240101 20151231   155     50.9251  11.5830    68524
02290 17810101 20151231   977     47.8009  11.0109    83639
